# Claudia D'Ambrosio, DEIS, University of Bologna.
# seed = 1254829604

param N := 1000;

param Umax := 100.000000;

param C := 2576511.824944;

param: a :=
1	0.101912
2	0.188480
3	0.128852
4	0.185355
5	0.181466
6	0.194394
7	0.194921
8	0.196765
9	0.116432
10	0.196397
11	0.187231
12	0.156086
13	0.173304
14	0.100565
15	0.156197
16	0.121747
17	0.165062
18	0.118159
19	0.194579
20	0.102884
21	0.134373
22	0.117815
23	0.168194
24	0.169243
25	0.193127
26	0.125857
27	0.178043
28	0.100528
29	0.166300
30	0.181519
31	0.117121
32	0.187323
33	0.150056
34	0.147125
35	0.151968
36	0.175133
37	0.119234
38	0.120118
39	0.186790
40	0.162495
41	0.169434
42	0.141147
43	0.186015
44	0.104007
45	0.174495
46	0.193082
47	0.195331
48	0.111871
49	0.134074
50	0.191814
51	0.145421
52	0.122435
53	0.194578
54	0.126193
55	0.174065
56	0.177133
57	0.142456
58	0.183650
59	0.170174
60	0.197582
61	0.197415
62	0.188630
63	0.114299
64	0.160241
65	0.160208
66	0.157408
67	0.117208
68	0.137678
69	0.150267
70	0.159429
71	0.189922
72	0.171775
73	0.189527
74	0.150051
75	0.104974
76	0.123908
77	0.195671
78	0.198491
79	0.172432
80	0.174661
81	0.126332
82	0.119439
83	0.119114
84	0.190061
85	0.182860
86	0.133272
87	0.179607
88	0.123494
89	0.168122
90	0.125329
91	0.109100
92	0.178002
93	0.101563
94	0.121416
95	0.133471
96	0.174808
97	0.169743
98	0.191623
99	0.124342
100	0.108053
101	0.176339
102	0.161956
103	0.173828
104	0.185404
105	0.150731
106	0.144736
107	0.138103
108	0.154023
109	0.198961
110	0.169028
111	0.155941
112	0.174025
113	0.182388
114	0.180426
115	0.164381
116	0.104503
117	0.135523
118	0.142783
119	0.131381
120	0.164287
121	0.150165
122	0.137414
123	0.109332
124	0.153950
125	0.106572
126	0.168657
127	0.187794
128	0.119656
129	0.133624
130	0.176824
131	0.188284
132	0.136617
133	0.193076
134	0.156225
135	0.148062
136	0.188749
137	0.138830
138	0.103146
139	0.127475
140	0.159843
141	0.135833
142	0.132658
143	0.158299
144	0.103384
145	0.190318
146	0.103787
147	0.126385
148	0.165368
149	0.169482
150	0.115205
151	0.136877
152	0.173942
153	0.103428
154	0.144310
155	0.123107
156	0.128335
157	0.177297
158	0.138517
159	0.151310
160	0.112557
161	0.159325
162	0.108553
163	0.140732
164	0.178461
165	0.120976
166	0.198520
167	0.145309
168	0.138122
169	0.139965
170	0.102037
171	0.194209
172	0.124650
173	0.102356
174	0.141730
175	0.197348
176	0.186945
177	0.137644
178	0.138793
179	0.115956
180	0.156923
181	0.156388
182	0.161305
183	0.127787
184	0.165585
185	0.117087
186	0.156639
187	0.182348
188	0.165738
189	0.111822
190	0.128406
191	0.111197
192	0.178852
193	0.107007
194	0.117069
195	0.175581
196	0.195611
197	0.102622
198	0.148352
199	0.172917
200	0.148587
201	0.114117
202	0.111578
203	0.193169
204	0.150514
205	0.160676
206	0.167316
207	0.187388
208	0.119159
209	0.154750
210	0.174345
211	0.183690
212	0.128293
213	0.181967
214	0.118644
215	0.188711
216	0.160694
217	0.101601
218	0.146164
219	0.181463
220	0.191831
221	0.180201
222	0.159631
223	0.185960
224	0.109128
225	0.126171
226	0.102199
227	0.105276
228	0.131501
229	0.155024
230	0.184351
231	0.140707
232	0.122097
233	0.185938
234	0.145873
235	0.197143
236	0.133915
237	0.133950
238	0.137141
239	0.167603
240	0.125562
241	0.198678
242	0.155777
243	0.161325
244	0.153758
245	0.154658
246	0.165429
247	0.181829
248	0.169784
249	0.174562
250	0.111931
251	0.153945
252	0.161568
253	0.172663
254	0.160443
255	0.158727
256	0.154380
257	0.104245
258	0.196948
259	0.182751
260	0.176255
261	0.193538
262	0.198482
263	0.151645
264	0.121099
265	0.173423
266	0.196844
267	0.170980
268	0.182287
269	0.173575
270	0.152222
271	0.150812
272	0.191503
273	0.156390
274	0.164046
275	0.192575
276	0.180704
277	0.102845
278	0.102627
279	0.188767
280	0.189824
281	0.107939
282	0.130815
283	0.175377
284	0.138180
285	0.162996
286	0.129189
287	0.156627
288	0.179238
289	0.169351
290	0.107676
291	0.145514
292	0.197625
293	0.170259
294	0.182800
295	0.155933
296	0.116757
297	0.117298
298	0.180277
299	0.172560
300	0.162132
301	0.179984
302	0.184129
303	0.171683
304	0.147730
305	0.122791
306	0.116939
307	0.105236
308	0.115963
309	0.103272
310	0.101140
311	0.165585
312	0.112664
313	0.156568
314	0.125580
315	0.197667
316	0.157792
317	0.109783
318	0.173945
319	0.149651
320	0.168632
321	0.144275
322	0.139428
323	0.160290
324	0.131420
325	0.134463
326	0.168790
327	0.124330
328	0.183257
329	0.159404
330	0.142947
331	0.116567
332	0.144739
333	0.142551
334	0.153573
335	0.111261
336	0.183077
337	0.124628
338	0.103544
339	0.125820
340	0.173245
341	0.133722
342	0.156287
343	0.156950
344	0.188508
345	0.128703
346	0.185091
347	0.143265
348	0.161018
349	0.143032
350	0.197492
351	0.132122
352	0.158947
353	0.146660
354	0.186479
355	0.188126
356	0.170964
357	0.112969
358	0.143431
359	0.140288
360	0.183434
361	0.124768
362	0.104411
363	0.156261
364	0.182750
365	0.117565
366	0.117975
367	0.199662
368	0.199991
369	0.100181
370	0.112383
371	0.171696
372	0.149094
373	0.173664
374	0.142364
375	0.157970
376	0.183631
377	0.142111
378	0.150973
379	0.193006
380	0.128925
381	0.116744
382	0.137856
383	0.139633
384	0.140039
385	0.180361
386	0.150948
387	0.187854
388	0.127802
389	0.196251
390	0.127981
391	0.164270
392	0.186243
393	0.178822
394	0.158990
395	0.197544
396	0.133562
397	0.158415
398	0.138918
399	0.109643
400	0.129082
401	0.184419
402	0.157544
403	0.105803
404	0.147244
405	0.123200
406	0.152472
407	0.174037
408	0.198442
409	0.193351
410	0.146838
411	0.150972
412	0.194527
413	0.146104
414	0.175060
415	0.192472
416	0.147691
417	0.128983
418	0.130516
419	0.192715
420	0.168054
421	0.181229
422	0.199039
423	0.150847
424	0.153370
425	0.175576
426	0.131494
427	0.125807
428	0.136619
429	0.115015
430	0.175559
431	0.172518
432	0.129859
433	0.151252
434	0.141936
435	0.101333
436	0.111781
437	0.136333
438	0.131046
439	0.130281
440	0.108012
441	0.117238
442	0.166010
443	0.186998
444	0.184838
445	0.172027
446	0.190958
447	0.193615
448	0.147736
449	0.166573
450	0.198043
451	0.106005
452	0.123399
453	0.197279
454	0.197837
455	0.174892
456	0.146523
457	0.186388
458	0.151049
459	0.167961
460	0.186470
461	0.151683
462	0.162529
463	0.181003
464	0.165578
465	0.153397
466	0.123976
467	0.106348
468	0.196535
469	0.146054
470	0.181210
471	0.164807
472	0.130985
473	0.146551
474	0.130104
475	0.160204
476	0.106268
477	0.179222
478	0.126852
479	0.197922
480	0.132459
481	0.140325
482	0.184718
483	0.162930
484	0.192981
485	0.133590
486	0.104834
487	0.179634
488	0.183295
489	0.188848
490	0.167294
491	0.118673
492	0.195047
493	0.160068
494	0.125469
495	0.182385
496	0.144590
497	0.158590
498	0.193153
499	0.158662
500	0.178047
501	0.191179
502	0.195055
503	0.157429
504	0.154048
505	0.193339
506	0.183739
507	0.180971
508	0.174721
509	0.189436
510	0.147117
511	0.160093
512	0.193307
513	0.188765
514	0.197612
515	0.166420
516	0.183105
517	0.119864
518	0.148335
519	0.185560
520	0.180105
521	0.133058
522	0.139474
523	0.142835
524	0.109116
525	0.130799
526	0.110719
527	0.169569
528	0.122013
529	0.184691
530	0.124918
531	0.155909
532	0.149253
533	0.174494
534	0.132225
535	0.148513
536	0.192076
537	0.185000
538	0.108067
539	0.199936
540	0.168544
541	0.137719
542	0.144608
543	0.129004
544	0.166408
545	0.113484
546	0.108228
547	0.110317
548	0.118632
549	0.105537
550	0.143915
551	0.184093
552	0.170314
553	0.193528
554	0.156664
555	0.154052
556	0.162506
557	0.127110
558	0.110615
559	0.146124
560	0.114955
561	0.196332
562	0.113042
563	0.154042
564	0.103819
565	0.132389
566	0.123268
567	0.109836
568	0.162424
569	0.125527
570	0.110535
571	0.154254
572	0.112958
573	0.191864
574	0.181258
575	0.193758
576	0.187682
577	0.136213
578	0.118698
579	0.193925
580	0.155720
581	0.134056
582	0.111942
583	0.147503
584	0.137263
585	0.114459
586	0.154367
587	0.175686
588	0.188962
589	0.173668
590	0.162583
591	0.134923
592	0.125942
593	0.126521
594	0.131078
595	0.167903
596	0.141236
597	0.109002
598	0.162949
599	0.150111
600	0.142672
601	0.150901
602	0.128096
603	0.108059
604	0.123562
605	0.184074
606	0.149170
607	0.117192
608	0.173159
609	0.128551
610	0.196607
611	0.183919
612	0.130973
613	0.142278
614	0.131775
615	0.194676
616	0.162827
617	0.146707
618	0.173766
619	0.117233
620	0.161198
621	0.113534
622	0.153785
623	0.143553
624	0.173784
625	0.173264
626	0.191674
627	0.160057
628	0.161634
629	0.136426
630	0.112630
631	0.190902
632	0.142410
633	0.113035
634	0.125002
635	0.135182
636	0.123046
637	0.125222
638	0.181845
639	0.109087
640	0.166108
641	0.151797
642	0.100148
643	0.136143
644	0.163814
645	0.170083
646	0.105217
647	0.197088
648	0.123238
649	0.153196
650	0.141169
651	0.174376
652	0.131235
653	0.175907
654	0.102997
655	0.191196
656	0.146076
657	0.179719
658	0.107512
659	0.105673
660	0.157758
661	0.115867
662	0.177537
663	0.161992
664	0.131159
665	0.157309
666	0.114270
667	0.197555
668	0.127297
669	0.105828
670	0.192920
671	0.140929
672	0.141788
673	0.168398
674	0.127755
675	0.181058
676	0.184929
677	0.117910
678	0.129290
679	0.184161
680	0.167819
681	0.148936
682	0.126451
683	0.168947
684	0.154132
685	0.127936
686	0.148581
687	0.159785
688	0.152041
689	0.125420
690	0.187260
691	0.100980
692	0.132751
693	0.143572
694	0.150561
695	0.195090
696	0.105820
697	0.162593
698	0.168623
699	0.180924
700	0.131105
701	0.139608
702	0.101758
703	0.184639
704	0.142007
705	0.106233
706	0.126670
707	0.184358
708	0.155113
709	0.183101
710	0.190271
711	0.189243
712	0.146689
713	0.103406
714	0.189579
715	0.131400
716	0.130105
717	0.163697
718	0.173701
719	0.161712
720	0.144351
721	0.153558
722	0.126091
723	0.185456
724	0.193869
725	0.128579
726	0.166083
727	0.156144
728	0.169928
729	0.153021
730	0.186005
731	0.196820
732	0.170532
733	0.152413
734	0.179666
735	0.123715
736	0.135568
737	0.140786
738	0.180994
739	0.105197
740	0.157269
741	0.182972
742	0.157874
743	0.152558
744	0.148320
745	0.104044
746	0.150995
747	0.102736
748	0.172657
749	0.117396
750	0.157750
751	0.184771
752	0.138539
753	0.190404
754	0.140062
755	0.135459
756	0.145062
757	0.134724
758	0.100573
759	0.193820
760	0.194120
761	0.101885
762	0.177928
763	0.130695
764	0.103461
765	0.123909
766	0.109293
767	0.108439
768	0.112588
769	0.125022
770	0.176899
771	0.126195
772	0.194400
773	0.124920
774	0.134644
775	0.174557
776	0.145379
777	0.128057
778	0.181338
779	0.195475
780	0.159649
781	0.126627
782	0.178574
783	0.155469
784	0.174898
785	0.130921
786	0.122213
787	0.170552
788	0.136673
789	0.182814
790	0.197525
791	0.114824
792	0.136563
793	0.128300
794	0.189718
795	0.185656
796	0.112918
797	0.187570
798	0.136324
799	0.110693
800	0.148167
801	0.138087
802	0.199549
803	0.158474
804	0.101717
805	0.154854
806	0.156152
807	0.149155
808	0.152026
809	0.192513
810	0.180223
811	0.185668
812	0.181193
813	0.173902
814	0.112334
815	0.199609
816	0.157324
817	0.105699
818	0.145545
819	0.103096
820	0.140251
821	0.172711
822	0.142156
823	0.175973
824	0.115967
825	0.166334
826	0.158866
827	0.106031
828	0.153205
829	0.145365
830	0.156000
831	0.108963
832	0.178764
833	0.188475
834	0.125324
835	0.121417
836	0.189218
837	0.188134
838	0.182244
839	0.180388
840	0.104626
841	0.170867
842	0.119497
843	0.172903
844	0.135673
845	0.166324
846	0.126108
847	0.121552
848	0.102238
849	0.172078
850	0.162806
851	0.118221
852	0.125091
853	0.159714
854	0.179071
855	0.146306
856	0.101750
857	0.176690
858	0.197991
859	0.176603
860	0.155269
861	0.163751
862	0.141310
863	0.179598
864	0.152084
865	0.175536
866	0.189544
867	0.119670
868	0.171550
869	0.199295
870	0.190058
871	0.164125
872	0.113595
873	0.163584
874	0.103502
875	0.154167
876	0.185649
877	0.186506
878	0.103689
879	0.156229
880	0.124906
881	0.142164
882	0.188437
883	0.171119
884	0.150747
885	0.168012
886	0.153788
887	0.151153
888	0.140067
889	0.190845
890	0.102472
891	0.169377
892	0.189475
893	0.108372
894	0.128736
895	0.139509
896	0.139840
897	0.126239
898	0.111598
899	0.127218
900	0.128674
901	0.143848
902	0.189245
903	0.152176
904	0.153517
905	0.171318
906	0.106188
907	0.118935
908	0.198740
909	0.128318
910	0.152582
911	0.142512
912	0.174154
913	0.140980
914	0.163814
915	0.165799
916	0.163567
917	0.126774
918	0.136452
919	0.147135
920	0.183064
921	0.137521
922	0.177170
923	0.164442
924	0.176289
925	0.110547
926	0.191109
927	0.170875
928	0.181100
929	0.108148
930	0.117813
931	0.114242
932	0.169117
933	0.175113
934	0.109567
935	0.162859
936	0.174143
937	0.137938
938	0.123593
939	0.199638
940	0.166216
941	0.157241
942	0.130725
943	0.143728
944	0.140147
945	0.129814
946	0.103059
947	0.149739
948	0.101964
949	0.196433
950	0.140189
951	0.121637
952	0.132877
953	0.197512
954	0.187581
955	0.111485
956	0.136521
957	0.161591
958	0.132377
959	0.141100
960	0.182819
961	0.147567
962	0.175413
963	0.110304
964	0.113467
965	0.157321
966	0.122607
967	0.131014
968	0.166776
969	0.166641
970	0.115671
971	0.146399
972	0.196714
973	0.147095
974	0.141001
975	0.168995
976	0.162311
977	0.144596
978	0.183692
979	0.109304
980	0.179668
981	0.193235
982	0.169148
983	0.135874
984	0.134293
985	0.163279
986	0.101293
987	0.122337
988	0.168185
989	0.111398
990	0.132159
991	0.148835
992	0.176950
993	0.122309
994	0.131778
995	0.147843
996	0.199926
997	0.182839
998	0.156047
999	0.117340
1000	0.145915
;

param: b :=
1	13.164899
2	7.278341
3	10.625110
4	18.260853
5	4.320269
6	32.711536
7	54.260827
8	48.337518
9	54.474023
10	94.152011
11	47.184770
12	65.497407
13	1.033430
14	28.758484
15	52.732970
16	10.187474
17	40.131835
18	34.846971
19	19.241217
20	67.250601
21	68.310116
22	64.974408
23	38.558931
24	9.444058
25	40.555184
26	38.004486
27	40.223149
28	52.142598
29	61.010042
30	93.550285
31	26.813303
32	17.601317
33	39.857550
34	69.011421
35	61.849959
36	97.685462
37	53.993459
38	86.638131
39	70.111922
40	97.589813
41	40.790879
42	67.404009
43	40.088438
44	64.318132
45	54.136371
46	25.299811
47	70.122322
48	91.467063
49	52.528487
50	96.350878
51	92.350508
52	92.988875
53	19.956206
54	61.362888
55	90.064589
56	18.288894
57	83.600468
58	82.723986
59	58.683086
60	60.166496
61	33.390616
62	54.953262
63	9.845150
64	26.445176
65	6.911397
66	85.096068
67	24.360509
68	12.060283
69	30.131748
70	87.241080
71	72.495777
72	96.563938
73	90.034554
74	5.017633
75	57.450925
76	53.698090
77	13.202064
78	98.335631
79	33.124377
80	70.352786
81	5.160691
82	1.221790
83	86.801685
84	56.086232
85	11.414685
86	18.717196
87	65.085177
88	34.033706
89	95.735091
90	95.887530
91	19.886781
92	75.178755
93	59.678148
94	49.121371
95	33.158766
96	70.766501
97	93.324054
98	94.030350
99	75.846671
100	24.775464
101	49.830701
102	72.624757
103	66.570879
104	93.131663
105	20.156435
106	92.564290
107	71.669965
108	23.029645
109	93.885927
110	34.538399
111	96.388572
112	43.938292
113	60.419684
114	95.165211
115	21.498135
116	19.836990
117	48.970357
118	60.057485
119	98.635009
120	22.746732
121	73.191663
122	63.777479
123	78.108157
124	13.997621
125	77.442093
126	13.652767
127	53.765223
128	91.990483
129	72.826378
130	93.351076
131	7.594153
132	85.820229
133	66.919957
134	8.387179
135	66.665405
136	37.569590
137	35.071464
138	92.301211
139	66.833836
140	26.884653
141	21.391808
142	69.290192
143	70.905347
144	7.630208
145	68.913870
146	88.509321
147	3.572274
148	85.634517
149	43.373796
150	24.015564
151	24.414041
152	88.885682
153	66.785658
154	52.027844
155	67.195633
156	26.927072
157	20.700631
158	85.608025
159	83.534367
160	55.816788
161	41.059973
162	68.136720
163	97.693000
164	64.685495
165	24.455467
166	26.326819
167	80.066142
168	74.589033
169	58.563252
170	91.086735
171	17.978810
172	21.054370
173	61.738199
174	25.818115
175	69.698886
176	92.062230
177	30.571171
178	50.982164
179	99.224890
180	79.547525
181	56.633886
182	45.545767
183	72.361308
184	73.624746
185	55.701317
186	3.158758
187	25.766840
188	22.634000
189	32.247367
190	89.885896
191	95.168150
192	37.555516
193	34.266822
194	91.824370
195	58.804043
196	33.698830
197	47.511752
198	66.806246
199	99.922403
200	22.686785
201	42.397094
202	38.259897
203	87.190848
204	48.470196
205	89.414352
206	62.255076
207	99.266291
208	27.439663
209	93.716860
210	27.349423
211	76.972659
212	92.313741
213	33.400872
214	72.594814
215	53.569424
216	62.254747
217	86.688852
218	63.155135
219	81.027420
220	76.836374
221	57.243709
222	7.753941
223	18.986125
224	87.647562
225	94.591271
226	60.570203
227	89.457563
228	94.132017
229	24.868733
230	61.593927
231	27.525102
232	10.640739
233	56.992053
234	3.785514
235	45.168453
236	11.997115
237	28.622065
238	25.360735
239	79.913304
240	22.830435
241	8.330505
242	0.157198
243	48.956075
244	39.342458
245	69.066033
246	14.289438
247	20.091295
248	95.749322
249	79.082669
250	45.015032
251	44.169745
252	32.605187
253	12.251308
254	76.255585
255	21.495214
256	30.369561
257	28.951425
258	81.358098
259	16.797495
260	17.302569
261	82.955173
262	21.013870
263	60.494538
264	12.643758
265	32.582447
266	73.710019
267	89.906274
268	55.193430
269	65.694427
270	19.646055
271	87.287043
272	21.231197
273	69.228333
274	19.569080
275	15.174373
276	16.734203
277	25.549443
278	96.408176
279	17.468837
280	60.319465
281	63.532019
282	87.956115
283	67.026792
284	95.889558
285	98.114898
286	16.704551
287	11.448702
288	4.535516
289	99.393762
290	95.773988
291	39.012929
292	49.140907
293	8.959674
294	0.690317
295	58.808754
296	99.353664
297	50.816935
298	18.159458
299	33.134491
300	19.459409
301	5.281464
302	20.841929
303	13.604316
304	66.342761
305	40.200218
306	64.374349
307	52.201007
308	57.090477
309	83.958166
310	27.964162
311	76.228810
312	44.876447
313	14.218414
314	91.534669
315	5.980683
316	65.807274
317	59.743856
318	58.251287
319	73.358587
320	44.524882
321	10.569726
322	89.835689
323	63.390012
324	29.709818
325	13.627516
326	84.547268
327	53.529757
328	16.972274
329	84.591726
330	34.561969
331	44.638176
332	5.215213
333	46.165888
334	33.827465
335	88.385204
336	88.177538
337	69.709533
338	81.533633
339	91.195236
340	47.392553
341	25.188606
342	59.519997
343	7.004863
344	3.485588
345	25.678398
346	51.483148
347	94.406366
348	64.311038
349	76.565151
350	13.912605
351	51.528397
352	60.539001
353	69.103048
354	98.277176
355	59.880634
356	39.310067
357	83.078139
358	11.365406
359	71.340066
360	42.396698
361	12.997803
362	90.189873
363	16.578106
364	13.356010
365	42.103036
366	7.305580
367	49.619754
368	23.199231
369	50.378561
370	7.155050
371	10.309344
372	99.047546
373	89.173719
374	18.831123
375	1.581268
376	13.738803
377	88.987127
378	42.278064
379	66.124463
380	8.888777
381	18.055418
382	63.701283
383	13.109366
384	7.399201
385	2.151823
386	30.248914
387	71.487199
388	37.580185
389	0.585426
390	6.269313
391	56.914033
392	81.201547
393	51.662182
394	15.013803
395	70.499963
396	47.212974
397	62.242518
398	62.225397
399	6.226944
400	76.064809
401	15.592282
402	94.532434
403	58.958737
404	25.401036
405	30.583883
406	29.977899
407	45.343573
408	52.394871
409	86.282243
410	95.342795
411	67.204314
412	62.477561
413	92.287538
414	8.164585
415	69.256798
416	51.207398
417	96.829895
418	70.377389
419	74.698645
420	36.520994
421	0.058745
422	3.846819
423	40.720506
424	43.779483
425	15.397903
426	24.545102
427	5.308607
428	6.529382
429	43.101210
430	14.919121
431	38.083664
432	51.084131
433	69.046043
434	20.061636
435	22.262298
436	35.879365
437	84.443001
438	19.190993
439	1.418067
440	52.688934
441	92.410909
442	84.436613
443	1.073588
444	54.513589
445	70.236858
446	11.515561
447	13.119501
448	41.822911
449	23.344317
450	32.216213
451	79.666809
452	3.061338
453	50.691991
454	40.019665
455	34.621389
456	80.572389
457	53.854297
458	52.195350
459	43.013620
460	77.859704
461	29.688978
462	97.917194
463	63.131846
464	99.931008
465	2.557006
466	99.830846
467	50.976795
468	49.405471
469	70.328672
470	11.252317
471	78.730382
472	77.462720
473	97.772478
474	27.403088
475	76.446255
476	30.695919
477	90.217052
478	58.612372
479	65.324967
480	55.758945
481	26.718329
482	33.650580
483	97.313144
484	24.541825
485	12.069107
486	13.858781
487	68.754491
488	26.949402
489	53.125372
490	31.106274
491	84.436682
492	32.148309
493	68.163725
494	50.454078
495	44.104675
496	92.033457
497	38.620904
498	10.958374
499	32.916244
500	13.463580
501	97.776325
502	29.543872
503	66.981045
504	77.899500
505	10.793028
506	39.037795
507	25.447029
508	88.851358
509	46.699077
510	31.595876
511	34.307395
512	27.496128
513	86.529500
514	15.691138
515	26.992455
516	77.760619
517	52.542807
518	7.691470
519	71.435973
520	70.383963
521	15.702033
522	67.823734
523	95.473928
524	44.205831
525	18.472488
526	10.683454
527	71.874845
528	43.975483
529	88.955090
530	6.623794
531	73.266055
532	64.940436
533	80.449924
534	72.174538
535	41.332830
536	88.490011
537	77.016941
538	92.261269
539	97.088917
540	7.792424
541	45.984182
542	37.044456
543	75.071673
544	41.294012
545	62.522482
546	65.620093
547	65.371908
548	60.691559
549	45.682527
550	7.114870
551	67.740231
552	53.299204
553	26.513132
554	21.235534
555	9.586858
556	23.801778
557	66.801680
558	29.648465
559	34.578881
560	49.112332
561	72.295714
562	42.435240
563	97.561412
564	10.455684
565	15.114199
566	19.702227
567	78.017771
568	85.627093
569	92.450953
570	21.291288
571	29.468898
572	63.607962
573	79.468398
574	64.530272
575	7.167029
576	57.933402
577	44.683551
578	54.566369
579	64.480585
580	98.494747
581	87.158693
582	17.126945
583	94.085532
584	50.683326
585	79.820049
586	73.846227
587	19.539392
588	74.930604
589	28.955164
590	63.170757
591	67.302441
592	77.070434
593	97.179973
594	69.888452
595	70.857805
596	57.374852
597	87.783128
598	63.829606
599	48.745286
600	63.283211
601	45.673778
602	72.432266
603	97.033986
604	48.528642
605	61.230346
606	9.248907
607	99.630737
608	76.618980
609	79.058428
610	65.188291
611	79.431685
612	52.586764
613	4.883024
614	48.130646
615	63.585105
616	52.967901
617	59.912226
618	15.217684
619	71.301468
620	49.954897
621	85.898461
622	74.549283
623	70.892312
624	45.076365
625	6.932686
626	42.253656
627	99.611790
628	62.415825
629	0.415075
630	20.664619
631	56.249013
632	27.978019
633	77.534802
634	94.043584
635	47.312023
636	5.305833
637	30.749691
638	84.929285
639	74.438158
640	47.757164
641	49.870713
642	26.163137
643	40.227134
644	62.527970
645	67.932335
646	16.132675
647	57.904581
648	3.190494
649	7.233093
650	13.770188
651	78.927487
652	77.962194
653	66.766964
654	79.836741
655	43.377149
656	90.787791
657	70.895713
658	51.501553
659	28.504427
660	50.644663
661	21.953462
662	20.102611
663	64.359369
664	48.064653
665	58.435731
666	3.013980
667	95.076329
668	59.294481
669	51.649527
670	24.506106
671	86.356257
672	84.365639
673	96.071213
674	51.420602
675	22.788308
676	82.272797
677	66.124176
678	95.402076
679	32.314479
680	70.567109
681	86.000732
682	26.592612
683	85.001375
684	95.912970
685	58.878430
686	85.744969
687	5.376165
688	96.551231
689	78.614170
690	97.464531
691	49.213150
692	41.704875
693	64.794838
694	72.301023
695	49.613412
696	30.993599
697	47.950701
698	26.404543
699	65.078674
700	35.005430
701	57.640993
702	6.010898
703	54.760783
704	54.745952
705	5.709381
706	33.545997
707	23.917239
708	94.927768
709	72.121035
710	26.039711
711	71.321508
712	57.244899
713	56.206376
714	12.257834
715	2.798549
716	63.527561
717	32.337736
718	66.920172
719	84.416314
720	16.762592
721	20.055424
722	55.523809
723	2.658768
724	59.095606
725	75.738004
726	67.904920
727	73.459949
728	21.494410
729	12.224391
730	77.846348
731	4.394536
732	87.424987
733	46.360224
734	98.957039
735	87.089732
736	72.835492
737	89.103020
738	78.928732
739	29.260540
740	65.648733
741	44.241610
742	56.489198
743	47.574031
744	86.598129
745	51.387064
746	76.817358
747	91.213586
748	47.417123
749	29.123041
750	3.590987
751	96.693531
752	28.471808
753	44.293781
754	4.647139
755	26.081334
756	94.987559
757	51.157904
758	74.431536
759	84.036411
760	61.809267
761	10.832405
762	57.281843
763	97.595857
764	15.598076
765	54.387445
766	78.312173
767	31.851314
768	82.943467
769	86.340725
770	3.310592
771	8.729165
772	28.754769
773	40.783349
774	2.026086
775	61.018685
776	94.867034
777	88.537448
778	40.722456
779	77.490847
780	20.690906
781	62.947526
782	16.018430
783	70.809098
784	25.222301
785	7.126656
786	4.419456
787	17.794522
788	66.832516
789	67.923792
790	24.610324
791	86.299552
792	92.321934
793	20.979979
794	20.730323
795	76.984769
796	63.575497
797	64.772959
798	67.520982
799	0.114008
800	1.695962
801	9.894048
802	52.113748
803	38.426194
804	0.052643
805	39.614296
806	41.949679
807	99.141332
808	21.555400
809	50.019861
810	61.065713
811	71.982183
812	13.800643
813	83.635432
814	2.009919
815	95.298346
816	90.670057
817	56.791894
818	16.492913
819	27.161885
820	89.425561
821	67.057398
822	73.610333
823	63.567790
824	1.298576
825	47.303340
826	41.194288
827	10.733089
828	35.695833
829	97.352542
830	62.858233
831	37.695312
832	49.548892
833	98.616487
834	17.379935
835	71.318646
836	34.548899
837	52.585202
838	21.267843
839	50.552300
840	4.014966
841	53.895159
842	96.196865
843	88.700001
844	98.751649
845	8.877253
846	83.419999
847	29.082878
848	42.337204
849	42.133201
850	0.155098
851	81.601986
852	55.710341
853	38.226526
854	31.745563
855	83.407630
856	40.715892
857	77.364097
858	39.302473
859	1.521648
860	98.682731
861	4.979355
862	8.610777
863	66.045262
864	15.185232
865	91.362902
866	25.008900
867	16.070184
868	54.399909
869	74.752979
870	96.496854
871	85.153550
872	12.182536
873	42.921883
874	23.794825
875	34.338987
876	54.024994
877	56.905876
878	2.720642
879	47.174448
880	40.302676
881	89.484702
882	21.515451
883	50.192220
884	23.603948
885	98.703073
886	61.812474
887	19.166206
888	49.275484
889	18.663426
890	12.794485
891	12.522523
892	77.534764
893	16.434005
894	35.053665
895	96.128279
896	5.135423
897	71.399436
898	69.686252
899	31.210319
900	29.657262
901	94.730547
902	84.949326
903	86.453618
904	25.942161
905	53.415148
906	51.393889
907	11.287078
908	39.248727
909	53.444383
910	40.205335
911	60.250751
912	28.691485
913	77.082837
914	41.065153
915	33.477452
916	4.297630
917	99.810348
918	20.746075
919	11.796314
920	18.366588
921	15.198377
922	96.866517
923	64.315287
924	54.374287
925	74.429346
926	49.588123
927	23.817042
928	5.048983
929	16.754410
930	38.411683
931	60.013056
932	42.337961
933	87.340679
934	70.399172
935	71.697915
936	87.577180
937	77.436547
938	47.190135
939	74.831804
940	61.655945
941	49.343781
942	70.850465
943	40.895421
944	64.377799
945	10.788157
946	47.026942
947	94.830309
948	77.367807
949	52.377820
950	48.061682
951	36.162175
952	63.624208
953	7.148711
954	82.331073
955	46.402366
956	72.894197
957	15.697291
958	64.468605
959	93.888763
960	24.724286
961	25.462878
962	27.446286
963	39.382489
964	58.085417
965	94.452953
966	69.166985
967	26.761778
968	27.522760
969	8.142495
970	17.311464
971	8.434179
972	17.357173
973	84.048122
974	22.478916
975	52.775293
976	29.362528
977	0.645414
978	6.427683
979	94.736158
980	73.617992
981	12.343779
982	84.005385
983	87.675982
984	8.476025
985	56.349394
986	86.457377
987	67.445592
988	4.013108
989	59.457518
990	84.588346
991	99.255722
992	0.981313
993	61.871561
994	32.643995
995	16.321614
996	14.769966
997	41.478698
998	47.772091
999	70.858224
1000	91.755720
;

param: c :=
1	64.937133
2	28.856375
3	92.365342
4	69.321665
5	83.873015
6	50.027129
7	58.689543
8	35.736246
9	57.593244
10	31.153794
11	13.699652
12	27.778966
13	72.106792
14	9.228794
15	8.854212
16	55.682348
17	23.091212
18	76.733146
19	41.993118
20	79.992854
21	56.284514
22	92.287762
23	58.007189
24	52.167286
25	74.622882
26	74.491688
27	18.427790
28	48.424813
29	64.198728
30	61.739517
31	80.081542
32	99.937880
33	63.674572
34	26.327894
35	22.837302
36	79.707601
37	58.185093
38	63.338840
39	88.309998
40	7.606687
41	54.989562
42	54.642760
43	58.269745
44	26.042070
45	54.486423
46	2.191019
47	54.913878
48	29.797580
49	52.409980
50	61.046263
51	17.833358
52	80.454836
53	63.799573
54	61.743454
55	80.405310
56	78.759078
57	28.495391
58	76.496529
59	27.305775
60	69.537686
61	6.221809
62	78.154485
63	76.733434
64	52.858558
65	49.233514
66	1.051245
67	77.812303
68	57.133591
69	89.294519
70	99.371684
71	30.890094
72	45.105747
73	47.870446
74	25.525111
75	50.981760
76	71.691997
77	38.481517
78	48.921627
79	61.196273
80	5.481749
81	34.988078
82	53.127781
83	37.703805
84	11.698104
85	32.807552
86	2.069482
87	24.064100
88	43.620488
89	11.966382
90	9.416360
91	46.285336
92	82.660073
93	79.017349
94	8.306566
95	21.478032
96	34.872331
97	27.680240
98	10.409896
99	33.780011
100	50.595623
101	22.970765
102	66.034847
103	50.173331
104	76.629546
105	43.261525
106	48.291315
107	58.754428
108	42.111319
109	86.428421
110	88.526136
111	50.509203
112	73.464282
113	10.939657
114	44.523409
115	9.108759
116	5.170461
117	61.882726
118	92.111163
119	42.793538
120	34.942658
121	66.782406
122	43.838025
123	5.777204
124	24.198072
125	28.879630
126	42.509337
127	95.655141
128	76.816950
129	12.683568
130	58.038902
131	16.854406
132	70.612385
133	43.185186
134	13.486455
135	44.707757
136	99.417481
137	46.185970
138	38.054846
139	38.347516
140	63.952018
141	26.591666
142	19.706832
143	51.149597
144	18.890759
145	48.222018
146	66.458519
147	83.231071
148	53.403620
149	88.615417
150	55.488624
151	34.368494
152	41.589196
153	60.196832
154	5.396620
155	80.476786
156	11.842546
157	85.436837
158	94.685138
159	92.794561
160	22.221742
161	20.726300
162	79.709151
163	72.661177
164	94.966690
165	28.325770
166	91.778783
167	85.340075
168	88.004380
169	92.677861
170	49.417530
171	88.687971
172	58.075783
173	21.861921
174	2.362982
175	2.212673
176	73.411722
177	7.044257
178	74.160244
179	29.149112
180	12.738965
181	78.980371
182	38.721821
183	12.479176
184	49.675671
185	69.718640
186	73.066785
187	19.078687
188	29.913665
189	29.712389
190	40.703637
191	85.332506
192	44.562604
193	32.700811
194	18.229464
195	28.531836
196	72.990784
197	6.948547
198	65.983295
199	52.991620
200	17.832865
201	28.473202
202	81.388859
203	22.086013
204	41.951574
205	41.307597
206	17.719213
207	71.468718
208	80.175357
209	99.199386
210	42.304858
211	33.260860
212	52.895726
213	76.728988
214	76.702109
215	66.859279
216	57.754478
217	55.523694
218	4.000241
219	42.568508
220	7.058302
221	29.225604
222	7.408490
223	97.441592
224	17.003107
225	67.735053
226	29.619572
227	86.346975
228	44.271503
229	30.503281
230	53.999513
231	69.313531
232	56.834555
233	9.355144
234	85.625426
235	67.563455
236	59.228215
237	40.876576
238	47.705002
239	34.069089
240	55.983614
241	58.143097
242	47.973481
243	16.694183
244	77.580816
245	13.231244
246	68.854195
247	33.807867
248	86.490285
249	59.710996
250	20.626658
251	15.544513
252	47.186124
253	74.109441
254	47.972566
255	73.095969
256	57.766831
257	64.051200
258	28.732455
259	24.031874
260	99.524432
261	85.730596
262	31.763219
263	24.972122
264	61.642460
265	73.575262
266	6.745058
267	80.892878
268	77.553845
269	71.937194
270	94.034058
271	2.060348
272	58.451963
273	7.506012
274	81.132797
275	99.313260
276	33.367092
277	17.885263
278	71.167727
279	63.884402
280	74.320462
281	17.093670
282	44.778870
283	88.243176
284	68.340309
285	74.437564
286	54.707841
287	51.193137
288	6.657373
289	35.744108
290	88.545671
291	3.236319
292	82.598261
293	64.099016
294	87.215999
295	24.100751
296	12.177024
297	14.383143
298	19.909804
299	79.451668
300	55.277323
301	67.725811
302	96.312551
303	76.961400
304	52.298537
305	62.352366
306	96.318762
307	19.003962
308	77.128000
309	67.000664
310	36.366836
311	35.804481
312	42.845358
313	69.294147
314	44.270520
315	87.768235
316	14.178710
317	95.474363
318	32.557377
319	81.452296
320	40.465074
321	53.213782
322	41.044531
323	43.738690
324	67.228752
325	19.859135
326	77.097063
327	8.019853
328	75.408825
329	33.969326
330	70.065991
331	12.166482
332	45.100374
333	67.999585
334	40.682107
335	42.720832
336	26.089521
337	42.991256
338	11.350420
339	49.535246
340	75.593055
341	64.759302
342	58.596890
343	82.372525
344	25.333465
345	43.325560
346	66.890783
347	90.598938
348	30.369356
349	53.692276
350	79.991966
351	39.449154
352	81.249614
353	15.629572
354	41.438269
355	94.457507
356	99.198112
357	13.664038
358	19.064990
359	6.306621
360	6.876126
361	19.125619
362	94.125828
363	24.223861
364	80.361534
365	9.376195
366	40.417502
367	45.175504
368	59.035616
369	43.386575
370	33.660077
371	51.072927
372	41.486653
373	73.518571
374	31.161055
375	63.326777
376	33.141517
377	16.792384
378	69.107073
379	20.963015
380	3.795444
381	11.869975
382	33.150321
383	69.979331
384	48.571764
385	65.983773
386	77.565061
387	8.390227
388	15.258919
389	21.687510
390	64.410371
391	17.567068
392	88.487023
393	7.432284
394	88.966110
395	76.551295
396	42.999731
397	80.679980
398	73.697519
399	77.695993
400	8.452805
401	20.813612
402	82.037020
403	54.747789
404	97.166177
405	59.033092
406	23.723580
407	63.618209
408	0.845976
409	11.897368
410	98.166226
411	46.867958
412	98.078193
413	68.746034
414	39.533249
415	74.926104
416	12.698628
417	62.416037
418	69.312923
419	80.915236
420	92.585560
421	81.683344
422	55.635391
423	46.534234
424	86.948554
425	47.072652
426	13.380316
427	32.190711
428	65.310951
429	58.987692
430	0.143845
431	52.999544
432	19.120254
433	80.471924
434	83.065630
435	55.416942
436	98.730943
437	36.470440
438	55.117637
439	31.476216
440	4.922635
441	82.198239
442	88.610781
443	80.804762
444	9.596708
445	6.097501
446	33.678670
447	95.004564
448	70.211422
449	7.637504
450	1.325903
451	42.408975
452	94.685467
453	12.061974
454	68.327751
455	99.710743
456	14.215548
457	67.879125
458	69.018474
459	59.964721
460	75.316970
461	80.529299
462	92.790537
463	99.620451
464	44.123835
465	88.679126
466	60.439630
467	84.317135
468	0.288127
469	89.281498
470	19.141658
471	48.405383
472	91.922512
473	27.732915
474	34.054787
475	87.057581
476	33.373303
477	34.760118
478	21.166062
479	47.809788
480	23.595861
481	62.597174
482	6.900185
483	49.277521
484	83.552578
485	8.641089
486	93.483148
487	7.091000
488	29.787421
489	42.354009
490	75.357236
491	57.322306
492	79.695140
493	29.332523
494	37.344368
495	93.774899
496	13.336360
497	27.316933
498	98.083661
499	67.651757
500	50.529134
501	12.825041
502	14.549024
503	88.112323
504	93.851283
505	83.664177
506	12.250825
507	52.205211
508	39.944461
509	64.223889
510	9.344785
511	94.520240
512	34.336262
513	87.211524
514	69.177089
515	51.660018
516	36.136533
517	53.036095
518	23.795830
519	99.779280
520	28.097471
521	34.932993
522	24.106474
523	12.816630
524	17.549384
525	98.312629
526	61.628301
527	75.667588
528	24.417009
529	15.059595
530	29.032191
531	58.008445
532	14.527953
533	75.631714
534	28.927241
535	7.249545
536	45.464086
537	4.222958
538	96.178852
539	83.592277
540	19.424551
541	5.767252
542	98.046695
543	35.169493
544	10.341429
545	60.978338
546	45.882340
547	9.075550
548	47.384916
549	25.834862
550	20.203094
551	32.224113
552	30.436383
553	46.324014
554	3.288705
555	83.596990
556	57.408690
557	45.798459
558	65.171737
559	72.357967
560	58.417715
561	62.748581
562	75.984248
563	91.946085
564	86.544311
565	86.085697
566	56.674389
567	10.241759
568	0.382179
569	53.639595
570	2.747572
571	5.395842
572	53.918238
573	23.311327
574	37.680183
575	95.389703
576	45.930985
577	84.482053
578	48.631598
579	3.667054
580	31.116900
581	87.302220
582	92.490055
583	52.239661
584	90.260372
585	87.780213
586	95.551276
587	54.405247
588	66.111691
589	26.889039
590	11.623752
591	28.885701
592	59.274751
593	82.093568
594	35.099264
595	80.295571
596	59.936023
597	77.520706
598	87.557154
599	82.503084
600	99.560291
601	31.331021
602	97.840441
603	13.075142
604	98.750968
605	19.497910
606	56.718455
607	32.693693
608	3.259272
609	61.685276
610	13.166482
611	37.537654
612	55.257756
613	0.947541
614	30.024697
615	98.188797
616	70.399825
617	27.757192
618	15.916006
619	7.792061
620	94.403479
621	48.573821
622	95.227626
623	10.454628
624	70.354781
625	45.401630
626	75.067934
627	19.374591
628	85.883717
629	57.493316
630	16.801764
631	17.297182
632	79.558547
633	13.667751
634	48.581098
635	51.320601
636	14.857389
637	44.540042
638	95.031267
639	79.942240
640	0.891010
641	5.955089
642	47.851966
643	96.760592
644	67.675486
645	98.369609
646	38.444477
647	80.691999
648	87.184855
649	58.422878
650	50.444100
651	40.547630
652	45.085325
653	41.974820
654	73.000091
655	58.159932
656	7.103686
657	78.559842
658	21.603067
659	87.947938
660	64.939778
661	84.203205
662	62.359965
663	87.518486
664	36.127533
665	29.166896
666	56.728519
667	55.725069
668	89.205489
669	8.294238
670	40.266341
671	35.704263
672	34.626682
673	58.651680
674	37.123472
675	92.727337
676	40.641162
677	97.676805
678	20.585522
679	89.989927
680	7.858440
681	10.315464
682	57.626109
683	17.912154
684	34.017408
685	92.143638
686	72.258091
687	76.688092
688	73.632363
689	48.644287
690	41.150602
691	31.060518
692	52.884169
693	3.520956
694	31.446780
695	60.582706
696	90.410437
697	1.483777
698	82.778975
699	96.208972
700	57.639318
701	8.811913
702	32.368572
703	0.932539
704	74.818369
705	41.331772
706	25.159533
707	53.738292
708	30.118696
709	41.856808
710	12.989961
711	56.534706
712	7.308980
713	65.471522
714	44.304092
715	71.860705
716	12.871332
717	99.938073
718	20.157466
719	94.974890
720	53.818719
721	39.259157
722	56.839912
723	30.956221
724	89.810302
725	24.521957
726	19.683867
727	76.615651
728	54.402853
729	63.115288
730	56.714547
731	67.610607
732	95.853161
733	80.786496
734	63.258265
735	37.949343
736	48.913640
737	53.045749
738	97.870152
739	15.504705
740	57.246617
741	86.806858
742	3.907176
743	37.875048
744	34.899613
745	92.705821
746	3.018991
747	41.585793
748	68.623697
749	1.778944
750	21.325307
751	1.168416
752	93.059686
753	27.927411
754	81.253878
755	10.334831
756	84.943094
757	84.330527
758	57.106122
759	60.282981
760	20.673211
761	96.576208
762	43.057698
763	74.827064
764	7.920256
765	93.267028
766	37.944069
767	64.518192
768	1.352991
769	43.410734
770	16.964022
771	18.265536
772	71.233775
773	90.572396
774	28.741968
775	44.012841
776	64.178491
777	88.415908
778	36.753886
779	13.850211
780	68.954687
781	17.706126
782	75.782140
783	66.898687
784	57.853672
785	55.284432
786	13.864925
787	55.757663
788	4.452595
789	80.394131
790	37.030883
791	43.388669
792	35.489753
793	1.284175
794	76.070987
795	1.109024
796	51.307613
797	5.254068
798	27.203793
799	38.928573
800	4.901885
801	72.851667
802	39.519695
803	66.835197
804	36.905469
805	71.980769
806	53.287879
807	76.081757
808	90.451222
809	10.838162
810	13.800782
811	29.600859
812	7.714499
813	73.996190
814	27.197276
815	43.575429
816	15.712716
817	79.780360
818	28.240849
819	34.609001
820	79.155767
821	87.508793
822	68.174861
823	1.526578
824	15.360841
825	81.720138
826	13.820799
827	75.699839
828	0.630187
829	57.132135
830	54.404515
831	54.369206
832	79.833011
833	98.303734
834	27.852358
835	36.111981
836	81.068327
837	43.605114
838	92.817000
839	12.469572
840	32.107526
841	1.287386
842	66.992895
843	92.404501
844	52.471244
845	11.380796
846	91.583597
847	69.793613
848	32.258688
849	31.603013
850	57.392661
851	37.521959
852	43.815886
853	43.009131
854	3.403454
855	43.109267
856	48.045217
857	37.595535
858	62.676392
859	94.203186
860	62.775164
861	93.420004
862	23.604726
863	45.117814
864	19.559617
865	58.514187
866	9.657409
867	88.661144
868	31.541458
869	9.800511
870	7.132020
871	2.620012
872	79.901914
873	80.571673
874	10.411579
875	93.702507
876	75.248829
877	48.795817
878	91.727159
879	68.894625
880	23.214120
881	9.685475
882	7.477035
883	71.202642
884	42.038813
885	54.369142
886	75.806070
887	86.615050
888	76.547812
889	63.153983
890	62.182492
891	53.971982
892	11.241177
893	73.703527
894	26.547521
895	1.261216
896	70.969984
897	62.168914
898	72.680526
899	51.401704
900	61.250560
901	31.069241
902	2.529239
903	58.371013
904	36.350745
905	79.991274
906	83.993784
907	1.345699
908	41.345970
909	85.917068
910	93.731088
911	19.817785
912	34.364788
913	7.417291
914	66.335550
915	95.778290
916	60.371347
917	53.480688
918	51.005150
919	55.977002
920	95.187104
921	57.003945
922	71.212076
923	53.975169
924	31.653130
925	36.986975
926	47.348588
927	14.185875
928	53.982859
929	6.905574
930	89.051398
931	40.135011
932	76.125477
933	52.451034
934	20.268688
935	39.465979
936	72.232448
937	97.055997
938	71.003542
939	50.996412
940	34.529827
941	96.904096
942	6.685511
943	11.481499
944	66.158680
945	38.928430
946	24.532671
947	82.855527
948	62.388150
949	21.220536
950	57.540067
951	70.000462
952	63.999941
953	96.043429
954	31.159465
955	43.358262
956	2.378650
957	15.404134
958	39.886622
959	29.027175
960	56.587052
961	21.095916
962	31.062191
963	37.204173
964	35.442512
965	48.351255
966	56.320411
967	8.608161
968	45.133820
969	44.696784
970	91.936195
971	65.117626
972	63.949317
973	23.313236
974	63.680759
975	28.459755
976	73.931633
977	88.909910
978	12.752528
979	43.509968
980	72.917835
981	12.527875
982	55.398145
983	38.897526
984	3.817598
985	50.853741
986	62.584608
987	42.149882
988	73.145828
989	34.768767
990	92.717328
991	87.983148
992	92.502510
993	42.637402
994	0.749734
995	15.685156
996	51.205426
997	50.001967
998	42.148664
999	49.178024
1000	67.960714
;

param: d :=
1	-25.802922
2	-1.369384
3	-41.581083
4	-84.772628
5	-52.117341
6	-47.651442
7	-40.142154
8	-74.378294
9	-91.202632
10	-34.281032
11	-28.896096
12	-93.887283
13	-68.006847
14	-63.699056
15	-86.209828
16	-47.099054
17	-21.238616
18	-54.062393
19	-33.314097
20	-87.886812
21	-56.772744
22	-26.502800
23	-8.714584
24	-54.023927
25	-64.879908
26	-94.149894
27	-65.672254
28	-7.184161
29	-75.692643
30	-66.313671
31	-8.255936
32	-38.185683
33	-31.516656
34	-4.450209
35	-83.833581
36	-63.127723
37	-0.684499
38	-79.943632
39	-49.535165
40	-11.176812
41	-7.728752
42	-79.145521
43	-55.800356
44	-32.653892
45	-37.195483
46	-99.311624
47	-49.679815
48	-33.486064
49	-7.656390
50	-82.144011
51	-0.092814
52	-75.374417
53	-50.508288
54	-44.009276
55	-73.525025
56	-61.820295
57	-39.710578
58	-35.894748
59	-66.026647
60	-40.674380
61	-22.180180
62	-32.610914
63	-57.205240
64	-63.262383
65	-12.486098
66	-73.054001
67	-76.569726
68	-84.167620
69	-73.000008
70	-87.712350
71	-60.844375
72	-27.173912
73	-32.660262
74	-92.815633
75	-5.731001
76	-76.720048
77	-73.439212
78	-56.403057
79	-79.697990
80	-99.813788
81	-22.686479
82	-8.869009
83	-42.404963
84	-61.016879
85	-55.943905
86	-61.246583
87	-85.405288
88	-23.378429
89	-94.173965
90	-62.973041
91	-58.092913
92	-19.928487
93	-74.372419
94	-34.963464
95	-54.562354
96	-15.775480
97	-83.971682
98	-25.716810
99	-96.640584
100	-83.640563
101	-2.183403
102	-3.172103
103	-98.491454
104	-4.185632
105	-15.488580
106	-4.668599
107	-38.925921
108	-79.942379
109	-50.866073
110	-54.342836
111	-0.797486
112	-77.683630
113	-58.857563
114	-77.462461
115	-49.190628
116	-6.970633
117	-13.967570
118	-83.753000
119	-57.679488
120	-91.189289
121	-40.725752
122	-57.415071
123	-28.785096
124	-53.938762
125	-50.634535
126	-96.400266
127	-45.423985
128	-36.505800
129	-60.598999
130	-98.977773
131	-82.836847
132	-20.873652
133	-11.268997
134	-66.958392
135	-39.254566
136	-53.212059
137	-44.315800
138	-26.242027
139	-29.340004
140	-26.670058
141	-19.458846
142	-67.924447
143	-95.515380
144	-58.560940
145	-71.334166
146	-32.261124
147	-47.023555
148	-14.924854
149	-79.368650
150	-65.904276
151	-14.901176
152	-59.599122
153	-13.340470
154	-2.286120
155	-88.277893
156	-16.176174
157	-88.334335
158	-19.894092
159	-88.493472
160	-82.046717
161	-60.198482
162	-79.604171
163	-73.831217
164	-26.854230
165	-86.229845
166	-79.258591
167	-33.964250
168	-82.168694
169	-87.373898
170	-2.996784
171	-77.465297
172	-83.571251
173	-12.304040
174	-70.266039
175	-9.974296
176	-63.637762
177	-73.667802
178	-3.130996
179	-62.182056
180	-40.713957
181	-41.398942
182	-65.282919
183	-65.168475
184	-60.254706
185	-53.764304
186	-30.621546
187	-38.671358
188	-95.539901
189	-75.699154
190	-21.918434
191	-19.083973
192	-48.081448
193	-73.913908
194	-53.017627
195	-94.707065
196	-63.685636
197	-12.045521
198	-7.085002
199	-94.381924
200	-33.183452
201	-57.350830
202	-15.431125
203	-99.882198
204	-83.502914
205	-86.332008
206	-14.851043
207	-84.138427
208	-99.452395
209	-23.164369
210	-83.703713
211	-75.002351
212	-53.987499
213	-46.563932
214	-1.180194
215	-12.089967
216	-97.001200
217	-65.138153
218	-0.939930
219	-41.808074
220	-31.466938
221	-52.940001
222	-82.614861
223	-58.516782
224	-86.871667
225	-31.260750
226	-90.743158
227	-65.498644
228	-61.090792
229	-47.534165
230	-98.645641
231	-91.557802
232	-48.283699
233	-27.715204
234	-9.855790
235	-72.354138
236	-12.085080
237	-96.735994
238	-6.024517
239	-23.042272
240	-88.812076
241	-33.758208
242	-84.994400
243	-97.798469
244	-98.536551
245	-11.273059
246	-78.587042
247	-60.028063
248	-82.242286
249	-8.743415
250	-10.488107
251	-32.824157
252	-69.577532
253	-93.528648
254	-53.067188
255	-81.561516
256	-24.993173
257	-80.210175
258	-55.865991
259	-43.139958
260	-75.772315
261	-33.366299
262	-43.750774
263	-84.304127
264	-50.168154
265	-2.545099
266	-3.631458
267	-43.288965
268	-85.950246
269	-1.453336
270	-86.135984
271	-75.612913
272	-1.752106
273	-62.717455
274	-58.400168
275	-35.487353
276	-25.262382
277	-95.094660
278	-38.920831
279	-3.726522
280	-29.043434
281	-92.747444
282	-35.818200
283	-6.737648
284	-90.652567
285	-73.119219
286	-96.490593
287	-26.279192
288	-75.983328
289	-42.405718
290	-23.983450
291	-80.048038
292	-47.667464
293	-78.547486
294	-10.542352
295	-8.322577
296	-94.697464
297	-79.465237
298	-37.124887
299	-63.340866
300	-50.651851
301	-95.914936
302	-3.694129
303	-13.934092
304	-32.359900
305	-97.757801
306	-27.783306
307	-27.038371
308	-87.724599
309	-19.766135
310	-46.561721
311	-72.062924
312	-91.017405
313	-24.428181
314	-97.291783
315	-35.332469
316	-5.840854
317	-54.412547
318	-83.209270
319	-81.055335
320	-87.097141
321	-67.956621
322	-46.392960
323	-44.235553
324	-36.023002
325	-84.085071
326	-90.745386
327	-22.456056
328	-75.698358
329	-96.857652
330	-89.824457
331	-63.574327
332	-78.164274
333	-49.429646
334	-71.018455
335	-54.769253
336	-46.857005
337	-63.205030
338	-51.355264
339	-6.180168
340	-86.072815
341	-23.557007
342	-17.623625
343	-0.058773
344	-0.141849
345	-21.761931
346	-39.315795
347	-91.975817
348	-80.384820
349	-74.595127
350	-77.174426
351	-24.552150
352	-74.161833
353	-62.741115
354	-83.151714
355	-58.182042
356	-49.044151
357	-47.581978
358	-75.319881
359	-44.082232
360	-75.127879
361	-80.774011
362	-96.390762
363	-30.074494
364	-98.185159
365	-76.128272
366	-75.148728
367	-81.211895
368	-5.882907
369	-75.594801
370	-7.255763
371	-18.927600
372	-10.488768
373	-81.160142
374	-98.600070
375	-98.643900
376	-82.709079
377	-6.815666
378	-7.539891
379	-33.475538
380	-39.914106
381	-19.929562
382	-29.002041
383	-43.574255
384	-90.854068
385	-98.675925
386	-45.256462
387	-0.276257
388	-39.047934
389	-33.769546
390	-23.447027
391	-69.746546
392	-36.191586
393	-12.787942
394	-25.751160
395	-80.768236
396	-2.027163
397	-24.017956
398	-72.594888
399	-82.925112
400	-81.951972
401	-39.030031
402	-99.456239
403	-13.517053
404	-79.058721
405	-99.104019
406	-39.075100
407	-5.149159
408	-19.520724
409	-51.900965
410	-55.995674
411	-89.994533
412	-81.749691
413	-90.277671
414	-24.094448
415	-95.630751
416	-54.142480
417	-24.149340
418	-71.405475
419	-38.538582
420	-92.413136
421	-43.844475
422	-88.262196
423	-86.736848
424	-77.317481
425	-43.508512
426	-75.920814
427	-92.509795
428	-7.745904
429	-38.450475
430	-37.492588
431	-80.409495
432	-56.760819
433	-16.557068
434	-92.752993
435	-39.679493
436	-88.074851
437	-10.667873
438	-49.834154
439	-89.247122
440	-8.921907
441	-27.344691
442	-35.258995
443	-76.532003
444	-60.044096
445	-96.496903
446	-4.118866
447	-24.187150
448	-63.653240
449	-52.622055
450	-92.360073
451	-87.897161
452	-42.922620
453	-7.716315
454	-31.951794
455	-17.470830
456	-52.151041
457	-71.203361
458	-54.265502
459	-19.977080
460	-45.202688
461	-48.605862
462	-23.255819
463	-51.118023
464	-65.403940
465	-86.638715
466	-0.706600
467	-13.123162
468	-10.674180
469	-54.325269
470	-74.666183
471	-46.513710
472	-8.575061
473	-69.132195
474	-69.608026
475	-50.514064
476	-74.590112
477	-72.372937
478	-81.225703
479	-74.344903
480	-33.486110
481	-72.617650
482	-81.908536
483	-2.309960
484	-85.853075
485	-18.600323
486	-71.570277
487	-57.768759
488	-9.804550
489	-61.874589
490	-49.153207
491	-72.685553
492	-11.470342
493	-32.841188
494	-44.743215
495	-75.260758
496	-80.052454
497	-84.088136
498	-27.151567
499	-12.005784
500	-84.608909
501	-15.046439
502	-91.608514
503	-15.253792
504	-47.868664
505	-39.008928
506	-65.731633
507	-6.203769
508	-10.730197
509	-22.451798
510	-59.031919
511	-56.243105
512	-94.441690
513	-59.029640
514	-62.443425
515	-69.356178
516	-7.549911
517	-85.616015
518	-17.329176
519	-27.228150
520	-50.717900
521	-15.281570
522	-24.389817
523	-4.128731
524	-67.087838
525	-69.421557
526	-61.183567
527	-95.498167
528	-53.880083
529	-2.492538
530	-57.533108
531	-45.778525
532	-89.118916
533	-49.838904
534	-43.358002
535	-36.427498
536	-78.891905
537	-56.991513
538	-77.404591
539	-24.432565
540	-2.528725
541	-55.031448
542	-9.928370
543	-66.773445
544	-37.413239
545	-2.923942
546	-72.347098
547	-83.915986
548	-83.321071
549	-59.293039
550	-45.743550
551	-54.929147
552	-83.803630
553	-97.396700
554	-95.950609
555	-20.113243
556	-17.290835
557	-40.665565
558	-58.948868
559	-7.552142
560	-81.756181
561	-20.070832
562	-29.548910
563	-0.159065
564	-31.009644
565	-95.252887
566	-18.314407
567	-27.415308
568	-61.591522
569	-82.527331
570	-2.920247
571	-59.659916
572	-30.367713
573	-97.893957
574	-18.359555
575	-52.602040
576	-9.570836
577	-58.391529
578	-27.383698
579	-82.763519
580	-6.599673
581	-70.554646
582	-42.127097
583	-68.014738
584	-14.105105
585	-81.873917
586	-14.516258
587	-37.011313
588	-18.548045
589	-74.092539
590	-47.156587
591	-77.296408
592	-78.506494
593	-19.073448
594	-2.809995
595	-5.208190
596	-47.140252
597	-62.112624
598	-77.776019
599	-67.795102
600	-22.228993
601	-68.803731
602	-11.967690
603	-14.420588
604	-88.880984
605	-33.422836
606	-51.269961
607	-51.477307
608	-29.000277
609	-58.373571
610	-4.642394
611	-96.582984
612	-12.308647
613	-25.028636
614	-64.966181
615	-43.638737
616	-24.006880
617	-15.755214
618	-70.976203
619	-81.819650
620	-8.777526
621	-88.277355
622	-75.814821
623	-28.689675
624	-10.300123
625	-18.944122
626	-13.922058
627	-91.369529
628	-43.138058
629	-53.119252
630	-17.014804
631	-63.696443
632	-82.521847
633	-67.590732
634	-89.114097
635	-7.324581
636	-60.152236
637	-57.480934
638	-38.596519
639	-77.245021
640	-85.311389
641	-96.882863
642	-84.994750
643	-19.316963
644	-41.154893
645	-49.974837
646	-93.891955
647	-96.957367
648	-28.909902
649	-50.043651
650	-91.155436
651	-27.254840
652	-30.320580
653	-43.401390
654	-9.818607
655	-50.381288
656	-3.479838
657	-79.733390
658	-47.402184
659	-52.351875
660	-69.242373
661	-25.973451
662	-15.359612
663	-59.447839
664	-47.237574
665	-54.743555
666	-20.790289
667	-18.242221
668	-10.342792
669	-6.653252
670	-70.952249
671	-29.904294
672	-1.483362
673	-75.876641
674	-83.039954
675	-10.647420
676	-74.804634
677	-46.386043
678	-36.083811
679	-57.187448
680	-95.057609
681	-58.336414
682	-32.908319
683	-33.376537
684	-25.282442
685	-82.073950
686	-43.560084
687	-29.899289
688	-90.332487
689	-56.667505
690	-78.722972
691	-6.876601
692	-94.990409
693	-79.740380
694	-75.806929
695	-56.266020
696	-53.029060
697	-6.346957
698	-78.492854
699	-15.555278
700	-37.448699
701	-99.809440
702	-7.831742
703	-13.877025
704	-75.214386
705	-97.558524
706	-15.690615
707	-6.830052
708	-12.518164
709	-15.966928
710	-34.910996
711	-69.425168
712	-28.151658
713	-42.855430
714	-80.301984
715	-26.743074
716	-56.905324
717	-79.768637
718	-18.989964
719	-72.816729
720	-11.344693
721	-74.580905
722	-61.037890
723	-14.605450
724	-85.973745
725	-76.446295
726	-80.098440
727	-4.596368
728	-73.232087
729	-16.022440
730	-24.184279
731	-78.657854
732	-9.784251
733	-70.970962
734	-65.931607
735	-13.169927
736	-7.717169
737	-91.603151
738	-23.152848
739	-14.016806
740	-79.473175
741	-79.079087
742	-93.212211
743	-94.395862
744	-53.809635
745	-80.451202
746	-91.757984
747	-10.457026
748	-23.435348
749	-44.729226
750	-7.350563
751	-22.523591
752	-58.442336
753	-68.010338
754	-91.314392
755	-62.762266
756	-33.612684
757	-64.107137
758	-6.367458
759	-78.252643
760	-24.626386
761	-87.780167
762	-37.128590
763	-84.974779
764	-39.432501
765	-15.807563
766	-70.033688
767	-94.984848
768	-44.353970
769	-0.150786
770	-15.180291
771	-80.538332
772	-67.655594
773	-10.562246
774	-64.003466
775	-82.032420
776	-37.657191
777	-53.677882
778	-47.428715
779	-13.952637
780	-11.609319
781	-29.360357
782	-57.247484
783	-56.115209
784	-88.348311
785	-55.229256
786	-8.832280
787	-11.741508
788	-87.545091
789	-50.287480
790	-44.620981
791	-29.891099
792	-49.572387
793	-15.942446
794	-5.829064
795	-33.949850
796	-50.051510
797	-69.041706
798	-28.185882
799	-88.022378
800	-75.761971
801	-60.803859
802	-49.143431
803	-36.271721
804	-71.079151
805	-6.217364
806	-38.945785
807	-77.993556
808	-8.454350
809	-40.651343
810	-82.871880
811	-42.351688
812	-65.519345
813	-50.016036
814	-97.215114
815	-89.552593
816	-28.875649
817	-64.699863
818	-46.740322
819	-22.908103
820	-32.551847
821	-83.713235
822	-42.131489
823	-44.246603
824	-55.792367
825	-99.056590
826	-61.978247
827	-6.459962
828	-78.620495
829	-53.108551
830	-28.639097
831	-9.317094
832	-7.414758
833	-35.824709
834	-74.046225
835	-21.451163
836	-56.377566
837	-57.496601
838	-37.923152
839	-21.308622
840	-67.521544
841	-93.021054
842	-99.434192
843	-83.492189
844	-71.510391
845	-21.206099
846	-41.784087
847	-77.160276
848	-30.769496
849	-35.517511
850	-84.722343
851	-70.398046
852	-83.325812
853	-70.492046
854	-88.670357
855	-22.090521
856	-40.857060
857	-85.788118
858	-58.192692
859	-80.388223
860	-41.327111
861	-93.139502
862	-10.644661
863	-82.806190
864	-85.239744
865	-30.260536
866	-47.681047
867	-86.910213
868	-4.845297
869	-55.587011
870	-90.382728
871	-77.361253
872	-76.747900
873	-47.755153
874	-64.956188
875	-36.032661
876	-7.218684
877	-10.874048
878	-16.409255
879	-63.199678
880	-64.682126
881	-64.133845
882	-36.313720
883	-80.084883
884	-57.525576
885	-63.093820
886	-22.997443
887	-39.161967
888	-52.455875
889	-37.952780
890	-55.489032
891	-76.253674
892	-34.718553
893	-5.013425
894	-94.716300
895	-97.336732
896	-97.977749
897	-19.789124
898	-77.161206
899	-99.078626
900	-44.778737
901	-54.890434
902	-39.785276
903	-85.655456
904	-73.802699
905	-77.279852
906	-32.561272
907	-49.996013
908	-98.731247
909	-13.311440
910	-11.067693
911	-77.496683
912	-41.851909
913	-57.674362
914	-94.840095
915	-48.283931
916	-42.701695
917	-53.408232
918	-29.183626
919	-45.447346
920	-50.600624
921	-66.700700
922	-62.458696
923	-82.077299
924	-72.706017
925	-33.475702
926	-13.703969
927	-72.120974
928	-47.687603
929	-37.877151
930	-50.534239
931	-48.770966
932	-83.534402
933	-10.701149
934	-36.449765
935	-30.235450
936	-36.805513
937	-21.926875
938	-0.281172
939	-47.911431
940	-13.515195
941	-3.292624
942	-97.042692
943	-59.215552
944	-88.849377
945	-19.189175
946	-62.411088
947	-53.357053
948	-91.350631
949	-92.085398
950	-93.652238
951	-39.434876
952	-42.590141
953	-19.632785
954	-50.030736
955	-67.294884
956	-5.939403
957	-68.408583
958	-3.622925
959	-62.856828
960	-86.021702
961	-9.074244
962	-22.208466
963	-74.291717
964	-46.646790
965	-13.651848
966	-20.805715
967	-47.890124
968	-2.161655
969	-96.155124
970	-48.886798
971	-5.250059
972	-46.965838
973	-44.297239
974	-13.865410
975	-86.308163
976	-45.753272
977	-90.286068
978	-52.358442
979	-67.382778
980	-56.651274
981	-78.305149
982	-56.920324
983	-75.216216
984	-52.954592
985	-93.210589
986	-25.789504
987	-65.134935
988	-76.416357
989	-49.704534
990	-64.023721
991	-0.311347
992	-60.465628
993	-35.541504
994	-95.076327
995	-17.388715
996	-7.356214
997	-29.177672
998	-51.450390
999	-40.022125
1000	-53.335616
;

param: weight :=
1	38.695030
2	80.888821
3	39.416018
4	56.516324
5	42.962076
6	46.069398
7	29.173326
8	47.498452
9	13.764011
10	10.285589
11	95.116755
12	18.667505
13	61.282363
14	54.836388
15	61.915034
16	76.147378
17	12.123381
18	41.550091
19	51.722026
20	4.516029
21	82.279284
22	18.696601
23	18.147111
24	55.827849
25	8.168676
26	50.616497
27	83.615901
28	26.383399
29	52.772504
30	40.131095
31	62.314060
32	24.216909
33	74.443443
34	62.208987
35	86.295743
36	32.058073
37	46.280148
38	48.967924
39	39.209314
40	93.208208
41	57.387725
42	5.233523
43	40.009900
44	84.530755
45	5.555194
46	14.981769
47	62.769635
48	13.198326
49	96.760850
50	64.060017
51	55.603475
52	93.740478
53	70.573627
54	28.598055
55	82.584117
56	36.783435
57	83.672577
58	8.276073
59	9.093051
60	16.995648
61	60.266935
62	93.201637
63	70.433227
64	90.644923
65	41.475902
66	44.977471
67	3.158526
68	79.654875
69	73.197243
70	24.738910
71	60.409582
72	24.274838
73	14.330180
74	21.641512
75	84.606407
76	66.325882
77	52.834112
78	71.450102
79	1.459475
80	77.761782
81	99.435393
82	25.256724
83	14.228848
84	99.686343
85	32.399529
86	19.714374
87	42.974712
88	25.913050
89	53.796826
90	35.521944
91	64.303448
92	14.792850
93	74.530131
94	26.485512
95	39.594953
96	8.715525
97	35.878830
98	74.360844
99	2.459510
100	89.913879
101	95.315663
102	57.280784
103	82.773205
104	67.740705
105	24.280693
106	9.834490
107	69.791697
108	20.658967
109	95.440528
110	31.049239
111	81.090992
112	39.876995
113	22.278826
114	16.070604
115	70.925741
116	65.839212
117	48.691143
118	82.550116
119	40.379672
120	45.831429
121	24.761025
122	57.238778
123	64.499181
124	30.942175
125	20.564979
126	23.238843
127	13.909076
128	35.229658
129	44.600869
130	40.018190
131	57.390022
132	89.525763
133	22.281012
134	72.162565
135	7.005742
136	39.205899
137	52.712271
138	71.713284
139	56.009191
140	60.326998
141	82.315870
142	16.917352
143	27.323652
144	81.574300
145	40.178127
146	62.220870
147	84.272293
148	18.532969
149	48.379831
150	65.800078
151	53.549076
152	57.058313
153	20.564482
154	37.731961
155	87.948713
156	61.412567
157	6.741461
158	26.748814
159	70.491959
160	53.995361
161	53.254259
162	52.440940
163	10.265078
164	45.343489
165	36.602375
166	44.837301
167	20.668983
168	95.035013
169	84.884715
170	64.590180
171	32.431475
172	42.377821
173	28.496210
174	44.212926
175	82.501738
176	89.174792
177	53.574815
178	67.736804
179	87.051641
180	10.188670
181	47.192995
182	82.088925
183	98.706571
184	70.788813
185	93.584068
186	62.820353
187	84.524219
188	57.777570
189	67.408103
190	30.334877
191	41.989808
192	7.864631
193	95.639509
194	96.321624
195	83.273840
196	12.662593
197	29.143501
198	19.537550
199	26.748410
200	69.972467
201	48.213128
202	74.828519
203	75.393874
204	41.971342
205	95.082104
206	29.780908
207	42.496306
208	12.888453
209	93.896316
210	44.408043
211	90.734244
212	77.688070
213	49.769821
214	73.410995
215	31.101005
216	78.765524
217	12.569635
218	10.075959
219	35.118853
220	75.899618
221	45.702205
222	11.645213
223	54.309492
224	86.840556
225	53.255365
226	29.812233
227	37.152387
228	12.401984
229	66.688432
230	74.975038
231	96.301708
232	20.698605
233	91.578475
234	43.267775
235	97.657945
236	14.217959
237	37.693621
238	77.306266
239	52.676119
240	13.844898
241	36.616603
242	88.191396
243	52.697880
244	33.984761
245	46.563523
246	26.222588
247	86.469756
248	11.647372
249	81.471358
250	47.013696
251	33.567719
252	54.477964
253	52.701012
254	94.073167
255	13.624282
256	20.682640
257	96.165996
258	12.662761
259	24.036159
260	64.593027
261	2.379721
262	96.060490
263	80.481519
264	57.209990
265	89.548064
266	97.958328
267	56.974575
268	12.328230
269	81.576397
270	69.783122
271	84.894524
272	18.423741
273	26.679973
274	34.282645
275	14.583827
276	31.292237
277	50.437165
278	94.709509
279	55.203868
280	2.900104
281	28.764220
282	63.066796
283	72.212811
284	57.399040
285	94.444492
286	87.784506
287	19.514245
288	69.030143
289	92.729552
290	6.070206
291	66.234773
292	53.123811
293	82.853678
294	25.459920
295	17.239006
296	75.616512
297	71.061208
298	70.787074
299	55.041135
300	9.827886
301	96.989298
302	26.883021
303	34.797688
304	29.925696
305	77.090759
306	14.585274
307	56.723210
308	53.862384
309	70.323834
310	95.648220
311	78.686299
312	17.922209
313	87.308243
314	4.771969
315	86.352402
316	20.053097
317	87.804122
318	67.561543
319	49.441102
320	47.760769
321	75.484885
322	84.154886
323	9.887690
324	47.035543
325	33.246459
326	97.475626
327	85.717405
328	70.873521
329	40.952611
330	98.553577
331	60.947574
332	15.325129
333	24.472734
334	58.547815
335	91.612277
336	98.369549
337	7.073854
338	4.335665
339	42.347934
340	76.610357
341	70.715159
342	13.536362
343	44.361834
344	52.609021
345	20.303248
346	65.756229
347	71.140865
348	47.220539
349	76.741313
350	14.633048
351	30.468802
352	22.010974
353	77.355959
354	18.713432
355	85.432652
356	62.514284
357	58.940729
358	37.831537
359	9.512961
360	59.652535
361	55.267603
362	41.734265
363	69.306167
364	38.655768
365	98.040596
366	32.855924
367	69.157286
368	27.540385
369	21.101026
370	9.880191
371	34.839262
372	24.659829
373	8.882206
374	13.818734
375	26.726603
376	7.418209
377	70.358932
378	32.471403
379	85.114678
380	11.185820
381	20.217403
382	81.182282
383	7.230763
384	99.860717
385	68.989522
386	90.431460
387	52.042061
388	9.492362
389	57.441059
390	16.261093
391	58.655728
392	36.585634
393	51.872066
394	76.206210
395	37.363114
396	24.528287
397	92.571012
398	26.773473
399	93.504612
400	50.810512
401	35.475806
402	92.580218
403	35.591373
404	53.278087
405	48.182184
406	48.545668
407	7.250406
408	53.409245
409	73.037538
410	17.121234
411	68.419291
412	24.168436
413	87.266995
414	88.757423
415	18.182274
416	95.259606
417	7.767008
418	88.741421
419	84.576764
420	13.302280
421	5.383714
422	50.207296
423	17.405454
424	72.650268
425	77.090728
426	32.810647
427	61.849491
428	19.084514
429	56.800718
430	38.225624
431	94.629400
432	75.411684
433	76.770885
434	13.192575
435	83.973704
436	98.402908
437	4.993170
438	62.805872
439	85.012388
440	60.336582
441	53.204102
442	96.398144
443	90.501658
444	5.632640
445	81.179838
446	3.567718
447	85.917062
448	7.498276
449	47.344191
450	72.450396
451	83.338207
452	98.953048
453	27.239792
454	76.602761
455	82.179341
456	88.330193
457	66.297564
458	10.180002
459	35.944332
460	46.448830
461	13.095966
462	46.308492
463	92.009200
464	46.208851
465	82.754127
466	55.081876
467	3.347223
468	26.888156
469	20.018543
470	46.389893
471	92.170750
472	76.988559
473	84.802822
474	17.561619
475	22.899776
476	56.469439
477	44.266309
478	50.536937
479	96.230845
480	86.289410
481	76.442223
482	59.469864
483	25.690804
484	43.882961
485	38.346962
486	80.568945
487	96.175473
488	45.590457
489	51.307257
490	45.800667
491	66.177996
492	60.972251
493	11.291017
494	41.243033
495	82.407785
496	43.451448
497	66.275998
498	99.493151
499	1.074306
500	69.033162
501	23.290411
502	49.996504
503	83.063980
504	51.240453
505	98.799372
506	54.884598
507	11.296584
508	97.270415
509	32.130832
510	83.889940
511	95.345482
512	62.146850
513	80.522474
514	5.911331
515	5.495250
516	19.541413
517	96.336705
518	14.117282
519	13.282270
520	8.861133
521	46.882396
522	60.671085
523	10.759334
524	27.607889
525	91.331895
526	60.365899
527	57.027343
528	20.389810
529	84.978096
530	40.140597
531	4.806054
532	4.719300
533	85.102240
534	19.111510
535	39.451889
536	31.647333
537	31.926032
538	4.110929
539	47.777513
540	64.790078
541	10.461118
542	58.571026
543	18.899358
544	64.250527
545	38.709017
546	63.460454
547	11.237055
548	51.255557
549	79.119991
550	70.004615
551	65.168127
552	81.142585
553	43.171175
554	38.535318
555	50.790881
556	78.277645
557	12.753808
558	46.386386
559	37.810359
560	53.630105
561	52.660646
562	25.892961
563	57.326888
564	51.991747
565	8.486436
566	38.566585
567	58.367470
568	56.517401
569	92.368969
570	90.378827
571	34.873851
572	45.840620
573	52.532559
574	3.909362
575	25.393301
576	55.463023
577	85.173400
578	24.956670
579	66.920762
580	80.333839
581	35.211087
582	8.480548
583	36.337062
584	24.066631
585	97.085964
586	67.574089
587	49.494898
588	33.475472
589	61.331022
590	49.574996
591	85.574239
592	62.928634
593	60.566973
594	51.827003
595	96.797613
596	11.116082
597	11.381853
598	85.469881
599	30.375120
600	60.868484
601	41.060933
602	26.039094
603	35.572148
604	71.045097
605	93.500891
606	87.149716
607	31.518736
608	65.004777
609	64.991462
610	76.544234
611	46.548760
612	2.303636
613	53.871660
614	19.939065
615	6.159418
616	48.842252
617	63.695950
618	3.879946
619	46.810104
620	85.138829
621	42.837127
622	51.036978
623	55.585727
624	74.359161
625	25.861906
626	34.141369
627	12.221090
628	86.734995
629	72.008145
630	11.260850
631	37.931842
632	14.915401
633	86.303620
634	51.396471
635	94.250843
636	88.408119
637	67.382715
638	3.383363
639	7.778952
640	59.056636
641	43.120671
642	66.350792
643	82.918739
644	24.692137
645	90.780440
646	31.513073
647	61.411501
648	19.013786
649	88.036968
650	72.889142
651	29.663123
652	84.229536
653	70.111502
654	51.417571
655	93.400163
656	99.636031
657	44.204464
658	21.969164
659	85.252007
660	41.417795
661	71.856452
662	17.456545
663	84.779720
664	1.655844
665	7.023018
666	34.433891
667	69.411849
668	44.495520
669	92.279671
670	77.495847
671	32.296575
672	63.939597
673	78.050701
674	41.667032
675	16.973705
676	12.207343
677	36.857683
678	93.979527
679	56.873459
680	87.651884
681	75.599779
682	52.270098
683	39.229179
684	60.230868
685	2.674072
686	90.780486
687	47.569354
688	64.006483
689	45.785256
690	72.460267
691	67.467808
692	98.163343
693	35.546594
694	82.148851
695	93.016448
696	52.747920
697	41.663359
698	32.099993
699	85.484912
700	59.606516
701	2.361223
702	53.452019
703	48.929688
704	76.490567
705	90.252562
706	96.136325
707	24.866720
708	87.225065
709	58.661569
710	51.317072
711	74.025353
712	42.138741
713	49.882561
714	99.742274
715	86.963305
716	29.330400
717	63.283442
718	39.380828
719	42.145276
720	37.096001
721	93.379227
722	98.632301
723	23.661229
724	40.704586
725	3.892063
726	56.994624
727	98.890254
728	60.851955
729	97.642751
730	91.953877
731	28.668759
732	8.253281
733	42.346217
734	26.467703
735	71.356619
736	49.164701
737	11.340714
738	69.453036
739	58.706682
740	99.719955
741	31.760967
742	49.284308
743	56.411172
744	63.810828
745	37.996555
746	97.370741
747	13.013155
748	54.662863
749	35.379906
750	50.283539
751	17.079905
752	37.346686
753	34.498387
754	81.399673
755	81.538586
756	87.760626
757	29.347970
758	16.829308
759	16.865812
760	70.789926
761	48.589438
762	24.432468
763	34.153832
764	10.138312
765	76.373454
766	54.148929
767	44.630436
768	46.356729
769	2.352286
770	64.239310
771	92.992386
772	59.133871
773	46.340516
774	58.095395
775	61.259220
776	79.889875
777	8.919125
778	73.336193
779	67.259315
780	57.120566
781	81.105955
782	78.577626
783	17.959904
784	78.015650
785	93.242279
786	92.882036
787	88.549824
788	10.489182
789	12.690497
790	36.899392
791	31.759594
792	83.654757
793	10.146085
794	33.853380
795	27.430316
796	19.764970
797	35.533041
798	18.769108
799	84.329846
800	95.908229
801	76.184756
802	3.041616
803	69.690643
804	72.148093
805	52.075998
806	66.525831
807	38.954099
808	72.687849
809	14.610658
810	90.086697
811	66.107171
812	75.106309
813	6.585458
814	93.620013
815	55.100533
816	8.720195
817	15.295804
818	51.463833
819	77.374390
820	92.288342
821	77.729756
822	45.287337
823	98.879248
824	55.012671
825	25.151285
826	9.556017
827	27.749655
828	93.628701
829	53.574879
830	7.995207
831	39.252336
832	87.694939
833	92.234960
834	39.371845
835	19.027993
836	6.850704
837	43.835427
838	14.714554
839	15.580315
840	30.669053
841	33.119556
842	40.421106
843	31.891366
844	61.220211
845	87.692945
846	16.739470
847	36.701205
848	43.473982
849	59.054602
850	29.358259
851	60.791928
852	14.786991
853	61.455587
854	1.966306
855	48.411218
856	56.433614
857	7.896390
858	56.416894
859	31.719306
860	10.912250
861	83.059945
862	68.076180
863	80.454573
864	57.422614
865	11.864932
866	83.844971
867	23.701374
868	44.317696
869	92.027321
870	12.144539
871	55.344084
872	64.856475
873	56.451553
874	19.760033
875	78.964456
876	64.005844
877	79.749177
878	26.713014
879	99.425103
880	75.593023
881	53.917520
882	15.153799
883	39.924990
884	8.122746
885	36.148360
886	97.159045
887	55.482038
888	13.832146
889	39.192758
890	55.716220
891	49.934416
892	54.991948
893	77.499317
894	82.771813
895	58.593744
896	50.149927
897	95.194305
898	35.618022
899	26.934925
900	35.591553
901	97.419878
902	87.101861
903	66.997848
904	49.293145
905	54.793157
906	7.549000
907	56.832678
908	99.468816
909	68.111038
910	66.738610
911	83.141190
912	96.168911
913	27.815955
914	42.910567
915	20.964352
916	93.297638
917	23.090528
918	79.105224
919	54.580732
920	24.291228
921	67.245301
922	54.623173
923	11.797985
924	25.938755
925	29.692179
926	98.997624
927	57.545179
928	43.164384
929	35.330339
930	66.048609
931	27.271980
932	29.347652
933	16.067508
934	23.484454
935	34.482557
936	37.672511
937	29.378925
938	64.019175
939	64.489348
940	25.954118
941	19.917247
942	34.704503
943	19.778860
944	64.455660
945	63.247959
946	34.176629
947	91.622308
948	80.521864
949	93.230645
950	59.620182
951	17.803270
952	2.200989
953	54.253741
954	91.070638
955	54.773798
956	79.449539
957	76.499790
958	22.659680
959	74.513419
960	74.946614
961	58.586314
962	22.291814
963	71.264168
964	54.917867
965	32.280164
966	83.313831
967	18.510659
968	6.261152
969	34.512270
970	70.958027
971	94.834508
972	96.585943
973	36.796419
974	21.114088
975	57.053967
976	80.670973
977	95.441401
978	59.867227
979	50.934530
980	60.155056
981	26.775260
982	38.869591
983	97.416015
984	56.556407
985	89.076950
986	30.508042
987	89.249039
988	47.621857
989	84.398889
990	32.317417
991	6.984682
992	75.439892
993	96.769260
994	56.665362
995	66.950909
996	51.238783
997	41.755677
998	87.433398
999	35.963552
1000	96.712600
;

param: U :=
1	100.000000
2	100.000000
3	100.000000
4	100.000000
5	100.000000
6	100.000000
7	100.000000
8	100.000000
9	100.000000
10	100.000000
11	100.000000
12	100.000000
13	100.000000
14	100.000000
15	100.000000
16	100.000000
17	100.000000
18	100.000000
19	100.000000
20	100.000000
21	100.000000
22	100.000000
23	100.000000
24	100.000000
25	100.000000
26	100.000000
27	100.000000
28	100.000000
29	100.000000
30	100.000000
31	100.000000
32	100.000000
33	100.000000
34	100.000000
35	100.000000
36	100.000000
37	100.000000
38	100.000000
39	100.000000
40	100.000000
41	100.000000
42	100.000000
43	100.000000
44	100.000000
45	100.000000
46	100.000000
47	100.000000
48	100.000000
49	100.000000
50	100.000000
51	100.000000
52	100.000000
53	100.000000
54	100.000000
55	100.000000
56	100.000000
57	100.000000
58	100.000000
59	100.000000
60	100.000000
61	100.000000
62	100.000000
63	100.000000
64	100.000000
65	100.000000
66	100.000000
67	100.000000
68	100.000000
69	100.000000
70	100.000000
71	100.000000
72	100.000000
73	100.000000
74	100.000000
75	100.000000
76	100.000000
77	100.000000
78	100.000000
79	100.000000
80	100.000000
81	100.000000
82	100.000000
83	100.000000
84	100.000000
85	100.000000
86	100.000000
87	100.000000
88	100.000000
89	100.000000
90	100.000000
91	100.000000
92	100.000000
93	100.000000
94	100.000000
95	100.000000
96	100.000000
97	100.000000
98	100.000000
99	100.000000
100	100.000000
101	100.000000
102	100.000000
103	100.000000
104	100.000000
105	100.000000
106	100.000000
107	100.000000
108	100.000000
109	100.000000
110	100.000000
111	100.000000
112	100.000000
113	100.000000
114	100.000000
115	100.000000
116	100.000000
117	100.000000
118	100.000000
119	100.000000
120	100.000000
121	100.000000
122	100.000000
123	100.000000
124	100.000000
125	100.000000
126	100.000000
127	100.000000
128	100.000000
129	100.000000
130	100.000000
131	100.000000
132	100.000000
133	100.000000
134	100.000000
135	100.000000
136	100.000000
137	100.000000
138	100.000000
139	100.000000
140	100.000000
141	100.000000
142	100.000000
143	100.000000
144	100.000000
145	100.000000
146	100.000000
147	100.000000
148	100.000000
149	100.000000
150	100.000000
151	100.000000
152	100.000000
153	100.000000
154	100.000000
155	100.000000
156	100.000000
157	100.000000
158	100.000000
159	100.000000
160	100.000000
161	100.000000
162	100.000000
163	100.000000
164	100.000000
165	100.000000
166	100.000000
167	100.000000
168	100.000000
169	100.000000
170	100.000000
171	100.000000
172	100.000000
173	100.000000
174	100.000000
175	100.000000
176	100.000000
177	100.000000
178	100.000000
179	100.000000
180	100.000000
181	100.000000
182	100.000000
183	100.000000
184	100.000000
185	100.000000
186	100.000000
187	100.000000
188	100.000000
189	100.000000
190	100.000000
191	100.000000
192	100.000000
193	100.000000
194	100.000000
195	100.000000
196	100.000000
197	100.000000
198	100.000000
199	100.000000
200	100.000000
201	100.000000
202	100.000000
203	100.000000
204	100.000000
205	100.000000
206	100.000000
207	100.000000
208	100.000000
209	100.000000
210	100.000000
211	100.000000
212	100.000000
213	100.000000
214	100.000000
215	100.000000
216	100.000000
217	100.000000
218	100.000000
219	100.000000
220	100.000000
221	100.000000
222	100.000000
223	100.000000
224	100.000000
225	100.000000
226	100.000000
227	100.000000
228	100.000000
229	100.000000
230	100.000000
231	100.000000
232	100.000000
233	100.000000
234	100.000000
235	100.000000
236	100.000000
237	100.000000
238	100.000000
239	100.000000
240	100.000000
241	100.000000
242	100.000000
243	100.000000
244	100.000000
245	100.000000
246	100.000000
247	100.000000
248	100.000000
249	100.000000
250	100.000000
251	100.000000
252	100.000000
253	100.000000
254	100.000000
255	100.000000
256	100.000000
257	100.000000
258	100.000000
259	100.000000
260	100.000000
261	100.000000
262	100.000000
263	100.000000
264	100.000000
265	100.000000
266	100.000000
267	100.000000
268	100.000000
269	100.000000
270	100.000000
271	100.000000
272	100.000000
273	100.000000
274	100.000000
275	100.000000
276	100.000000
277	100.000000
278	100.000000
279	100.000000
280	100.000000
281	100.000000
282	100.000000
283	100.000000
284	100.000000
285	100.000000
286	100.000000
287	100.000000
288	100.000000
289	100.000000
290	100.000000
291	100.000000
292	100.000000
293	100.000000
294	100.000000
295	100.000000
296	100.000000
297	100.000000
298	100.000000
299	100.000000
300	100.000000
301	100.000000
302	100.000000
303	100.000000
304	100.000000
305	100.000000
306	100.000000
307	100.000000
308	100.000000
309	100.000000
310	100.000000
311	100.000000
312	100.000000
313	100.000000
314	100.000000
315	100.000000
316	100.000000
317	100.000000
318	100.000000
319	100.000000
320	100.000000
321	100.000000
322	100.000000
323	100.000000
324	100.000000
325	100.000000
326	100.000000
327	100.000000
328	100.000000
329	100.000000
330	100.000000
331	100.000000
332	100.000000
333	100.000000
334	100.000000
335	100.000000
336	100.000000
337	100.000000
338	100.000000
339	100.000000
340	100.000000
341	100.000000
342	100.000000
343	100.000000
344	100.000000
345	100.000000
346	100.000000
347	100.000000
348	100.000000
349	100.000000
350	100.000000
351	100.000000
352	100.000000
353	100.000000
354	100.000000
355	100.000000
356	100.000000
357	100.000000
358	100.000000
359	100.000000
360	100.000000
361	100.000000
362	100.000000
363	100.000000
364	100.000000
365	100.000000
366	100.000000
367	100.000000
368	100.000000
369	100.000000
370	100.000000
371	100.000000
372	100.000000
373	100.000000
374	100.000000
375	100.000000
376	100.000000
377	100.000000
378	100.000000
379	100.000000
380	100.000000
381	100.000000
382	100.000000
383	100.000000
384	100.000000
385	100.000000
386	100.000000
387	100.000000
388	100.000000
389	100.000000
390	100.000000
391	100.000000
392	100.000000
393	100.000000
394	100.000000
395	100.000000
396	100.000000
397	100.000000
398	100.000000
399	100.000000
400	100.000000
401	100.000000
402	100.000000
403	100.000000
404	100.000000
405	100.000000
406	100.000000
407	100.000000
408	100.000000
409	100.000000
410	100.000000
411	100.000000
412	100.000000
413	100.000000
414	100.000000
415	100.000000
416	100.000000
417	100.000000
418	100.000000
419	100.000000
420	100.000000
421	100.000000
422	100.000000
423	100.000000
424	100.000000
425	100.000000
426	100.000000
427	100.000000
428	100.000000
429	100.000000
430	100.000000
431	100.000000
432	100.000000
433	100.000000
434	100.000000
435	100.000000
436	100.000000
437	100.000000
438	100.000000
439	100.000000
440	100.000000
441	100.000000
442	100.000000
443	100.000000
444	100.000000
445	100.000000
446	100.000000
447	100.000000
448	100.000000
449	100.000000
450	100.000000
451	100.000000
452	100.000000
453	100.000000
454	100.000000
455	100.000000
456	100.000000
457	100.000000
458	100.000000
459	100.000000
460	100.000000
461	100.000000
462	100.000000
463	100.000000
464	100.000000
465	100.000000
466	100.000000
467	100.000000
468	100.000000
469	100.000000
470	100.000000
471	100.000000
472	100.000000
473	100.000000
474	100.000000
475	100.000000
476	100.000000
477	100.000000
478	100.000000
479	100.000000
480	100.000000
481	100.000000
482	100.000000
483	100.000000
484	100.000000
485	100.000000
486	100.000000
487	100.000000
488	100.000000
489	100.000000
490	100.000000
491	100.000000
492	100.000000
493	100.000000
494	100.000000
495	100.000000
496	100.000000
497	100.000000
498	100.000000
499	100.000000
500	100.000000
501	100.000000
502	100.000000
503	100.000000
504	100.000000
505	100.000000
506	100.000000
507	100.000000
508	100.000000
509	100.000000
510	100.000000
511	100.000000
512	100.000000
513	100.000000
514	100.000000
515	100.000000
516	100.000000
517	100.000000
518	100.000000
519	100.000000
520	100.000000
521	100.000000
522	100.000000
523	100.000000
524	100.000000
525	100.000000
526	100.000000
527	100.000000
528	100.000000
529	100.000000
530	100.000000
531	100.000000
532	100.000000
533	100.000000
534	100.000000
535	100.000000
536	100.000000
537	100.000000
538	100.000000
539	100.000000
540	100.000000
541	100.000000
542	100.000000
543	100.000000
544	100.000000
545	100.000000
546	100.000000
547	100.000000
548	100.000000
549	100.000000
550	100.000000
551	100.000000
552	100.000000
553	100.000000
554	100.000000
555	100.000000
556	100.000000
557	100.000000
558	100.000000
559	100.000000
560	100.000000
561	100.000000
562	100.000000
563	100.000000
564	100.000000
565	100.000000
566	100.000000
567	100.000000
568	100.000000
569	100.000000
570	100.000000
571	100.000000
572	100.000000
573	100.000000
574	100.000000
575	100.000000
576	100.000000
577	100.000000
578	100.000000
579	100.000000
580	100.000000
581	100.000000
582	100.000000
583	100.000000
584	100.000000
585	100.000000
586	100.000000
587	100.000000
588	100.000000
589	100.000000
590	100.000000
591	100.000000
592	100.000000
593	100.000000
594	100.000000
595	100.000000
596	100.000000
597	100.000000
598	100.000000
599	100.000000
600	100.000000
601	100.000000
602	100.000000
603	100.000000
604	100.000000
605	100.000000
606	100.000000
607	100.000000
608	100.000000
609	100.000000
610	100.000000
611	100.000000
612	100.000000
613	100.000000
614	100.000000
615	100.000000
616	100.000000
617	100.000000
618	100.000000
619	100.000000
620	100.000000
621	100.000000
622	100.000000
623	100.000000
624	100.000000
625	100.000000
626	100.000000
627	100.000000
628	100.000000
629	100.000000
630	100.000000
631	100.000000
632	100.000000
633	100.000000
634	100.000000
635	100.000000
636	100.000000
637	100.000000
638	100.000000
639	100.000000
640	100.000000
641	100.000000
642	100.000000
643	100.000000
644	100.000000
645	100.000000
646	100.000000
647	100.000000
648	100.000000
649	100.000000
650	100.000000
651	100.000000
652	100.000000
653	100.000000
654	100.000000
655	100.000000
656	100.000000
657	100.000000
658	100.000000
659	100.000000
660	100.000000
661	100.000000
662	100.000000
663	100.000000
664	100.000000
665	100.000000
666	100.000000
667	100.000000
668	100.000000
669	100.000000
670	100.000000
671	100.000000
672	100.000000
673	100.000000
674	100.000000
675	100.000000
676	100.000000
677	100.000000
678	100.000000
679	100.000000
680	100.000000
681	100.000000
682	100.000000
683	100.000000
684	100.000000
685	100.000000
686	100.000000
687	100.000000
688	100.000000
689	100.000000
690	100.000000
691	100.000000
692	100.000000
693	100.000000
694	100.000000
695	100.000000
696	100.000000
697	100.000000
698	100.000000
699	100.000000
700	100.000000
701	100.000000
702	100.000000
703	100.000000
704	100.000000
705	100.000000
706	100.000000
707	100.000000
708	100.000000
709	100.000000
710	100.000000
711	100.000000
712	100.000000
713	100.000000
714	100.000000
715	100.000000
716	100.000000
717	100.000000
718	100.000000
719	100.000000
720	100.000000
721	100.000000
722	100.000000
723	100.000000
724	100.000000
725	100.000000
726	100.000000
727	100.000000
728	100.000000
729	100.000000
730	100.000000
731	100.000000
732	100.000000
733	100.000000
734	100.000000
735	100.000000
736	100.000000
737	100.000000
738	100.000000
739	100.000000
740	100.000000
741	100.000000
742	100.000000
743	100.000000
744	100.000000
745	100.000000
746	100.000000
747	100.000000
748	100.000000
749	100.000000
750	100.000000
751	100.000000
752	100.000000
753	100.000000
754	100.000000
755	100.000000
756	100.000000
757	100.000000
758	100.000000
759	100.000000
760	100.000000
761	100.000000
762	100.000000
763	100.000000
764	100.000000
765	100.000000
766	100.000000
767	100.000000
768	100.000000
769	100.000000
770	100.000000
771	100.000000
772	100.000000
773	100.000000
774	100.000000
775	100.000000
776	100.000000
777	100.000000
778	100.000000
779	100.000000
780	100.000000
781	100.000000
782	100.000000
783	100.000000
784	100.000000
785	100.000000
786	100.000000
787	100.000000
788	100.000000
789	100.000000
790	100.000000
791	100.000000
792	100.000000
793	100.000000
794	100.000000
795	100.000000
796	100.000000
797	100.000000
798	100.000000
799	100.000000
800	100.000000
801	100.000000
802	100.000000
803	100.000000
804	100.000000
805	100.000000
806	100.000000
807	100.000000
808	100.000000
809	100.000000
810	100.000000
811	100.000000
812	100.000000
813	100.000000
814	100.000000
815	100.000000
816	100.000000
817	100.000000
818	100.000000
819	100.000000
820	100.000000
821	100.000000
822	100.000000
823	100.000000
824	100.000000
825	100.000000
826	100.000000
827	100.000000
828	100.000000
829	100.000000
830	100.000000
831	100.000000
832	100.000000
833	100.000000
834	100.000000
835	100.000000
836	100.000000
837	100.000000
838	100.000000
839	100.000000
840	100.000000
841	100.000000
842	100.000000
843	100.000000
844	100.000000
845	100.000000
846	100.000000
847	100.000000
848	100.000000
849	100.000000
850	100.000000
851	100.000000
852	100.000000
853	100.000000
854	100.000000
855	100.000000
856	100.000000
857	100.000000
858	100.000000
859	100.000000
860	100.000000
861	100.000000
862	100.000000
863	100.000000
864	100.000000
865	100.000000
866	100.000000
867	100.000000
868	100.000000
869	100.000000
870	100.000000
871	100.000000
872	100.000000
873	100.000000
874	100.000000
875	100.000000
876	100.000000
877	100.000000
878	100.000000
879	100.000000
880	100.000000
881	100.000000
882	100.000000
883	100.000000
884	100.000000
885	100.000000
886	100.000000
887	100.000000
888	100.000000
889	100.000000
890	100.000000
891	100.000000
892	100.000000
893	100.000000
894	100.000000
895	100.000000
896	100.000000
897	100.000000
898	100.000000
899	100.000000
900	100.000000
901	100.000000
902	100.000000
903	100.000000
904	100.000000
905	100.000000
906	100.000000
907	100.000000
908	100.000000
909	100.000000
910	100.000000
911	100.000000
912	100.000000
913	100.000000
914	100.000000
915	100.000000
916	100.000000
917	100.000000
918	100.000000
919	100.000000
920	100.000000
921	100.000000
922	100.000000
923	100.000000
924	100.000000
925	100.000000
926	100.000000
927	100.000000
928	100.000000
929	100.000000
930	100.000000
931	100.000000
932	100.000000
933	100.000000
934	100.000000
935	100.000000
936	100.000000
937	100.000000
938	100.000000
939	100.000000
940	100.000000
941	100.000000
942	100.000000
943	100.000000
944	100.000000
945	100.000000
946	100.000000
947	100.000000
948	100.000000
949	100.000000
950	100.000000
951	100.000000
952	100.000000
953	100.000000
954	100.000000
955	100.000000
956	100.000000
957	100.000000
958	100.000000
959	100.000000
960	100.000000
961	100.000000
962	100.000000
963	100.000000
964	100.000000
965	100.000000
966	100.000000
967	100.000000
968	100.000000
969	100.000000
970	100.000000
971	100.000000
972	100.000000
973	100.000000
974	100.000000
975	100.000000
976	100.000000
977	100.000000
978	100.000000
979	100.000000
980	100.000000
981	100.000000
982	100.000000
983	100.000000
984	100.000000
985	100.000000
986	100.000000
987	100.000000
988	100.000000
989	100.000000
990	100.000000
991	100.000000
992	100.000000
993	100.000000
994	100.000000
995	100.000000
996	100.000000
997	100.000000
998	100.000000
999	100.000000
1000	100.000000
;

